No	TMNo	EnNo	Name		GMNo	Mode	DateTime
1	1	21	          	0	1	2015/03/02 17:30:24
2	1	21	          	0	1	2015/03/02 17:30:26
3	1	39	√œ—ﬁ»Ÿ    	0	1	2015/03/02 17:30:54
4	1	36	          	0	1	2015/03/02 17:34:07
5	1	27	          	0	1	2015/03/02 17:34:11
6	1	10	          	0	1	2015/03/02 17:34:23
7	1	46	          	0	1	2015/03/02 17:34:25
8	1	15	          	0	1	2015/03/02 17:34:29
9	1	14	          	0	1	2015/03/02 17:34:38
10	1	26	          	0	1	2015/03/02 17:34:55
11	1	44	          	0	1	2015/03/02 17:35:18
12	1	22	          	0	1	2015/03/02 17:35:22
13	1	41	          	0	1	2015/03/02 17:36:33
14	1	32	          	0	1	2015/03/02 17:36:42
15	1	52	          	0	1	2015/03/02 17:36:45
16	1	49	          	0	1	2015/03/02 17:36:52
17	1	17	          	0	1	2015/03/02 17:36:56
18	1	52	          	0	1	2015/03/02 17:37:02
19	1	32	          	0	1	2015/03/02 17:37:15
20	1	48	          	0	1	2015/03/02 17:38:45
21	1	43	          	0	1	2015/03/02 17:38:54
22	1	47	          	0	1	2015/03/02 17:39:04
23	1	19	          	0	1	2015/03/02 17:39:21
24	1	31	          	0	1	2015/03/02 17:39:54
25	1	9	          	0	1	2015/03/02 17:40:19
26	1	40	          	0	1	2015/03/02 17:40:32
27	1	20	          	0	1	2015/03/02 17:40:40
28	1	38	          	0	1	2015/03/02 17:41:30
29	1	18	          	0	1	2015/03/02 17:45:23
30	1	24	          	0	1	2015/03/02 17:47:05
31	1	12	          	0	1	2015/03/02 17:48:07
32	1	13	          	0	1	2015/03/02 17:49:37
33	1	25	          	0	1	2015/03/02 17:50:49
34	1	7	          	0	1	2015/03/02 17:50:58
35	1	28	          	0	1	2015/03/02 17:51:04
36	1	4	          	0	1	2015/03/02 17:51:14
37	1	6	          	0	1	2015/03/02 17:53:42
38	1	30	          	0	1	2015/03/02 17:54:15
39	1	16	          	0	1	2015/03/02 18:02:22
40	1	37	          	0	1	2015/03/02 18:04:45
41	1	23	          	0	1	2015/03/02 18:04:49
42	1	3	          	0	1	2015/03/02 18:38:46
43	1	11	          	0	1	2015/03/02 19:12:01
44	1	5	          	0	1	2015/03/02 19:12:37
45	1	46	          	0	1	2015/03/03 08:16:42
46	1	31	          	0	1	2015/03/03 08:19:42
47	1	39	√œ—ﬁ»Ÿ    	0	1	2015/03/03 08:19:46
48	1	38	          	0	1	2015/03/03 08:24:29
49	1	51	          	0	1	2015/03/03 08:25:24
50	1	48	          	0	1	2015/03/03 08:26:17
51	1	52	          	0	1	2015/03/03 08:29:24
52	1	32	          	0	1	2015/03/03 08:29:26
53	1	32	          	0	1	2015/03/03 08:29:35
54	1	5	          	0	1	2015/03/03 08:31:28
55	1	19	          	0	1	2015/03/03 08:32:24
56	1	30	          	0	1	2015/03/03 08:32:43
57	1	21	          	0	1	2015/03/03 08:34:49
58	1	21	          	0	1	2015/03/03 08:34:50
59	1	15	          	0	1	2015/03/03 08:35:53
60	1	4	          	0	1	2015/03/03 08:36:23
61	1	6	          	0	1	2015/03/03 08:36:46
62	1	9	          	0	1	2015/03/03 08:37:27
63	1	36	          	0	1	2015/03/03 08:39:25
64	1	20	          	0	1	2015/03/03 08:39:45
65	1	3	          	0	1	2015/03/03 08:40:09
66	1	24	          	0	1	2015/03/03 08:41:06
67	1	47	          	0	1	2015/03/03 08:41:09
68	1	13	          	0	1	2015/03/03 08:41:13
69	1	41	          	0	1	2015/03/03 08:41:15
70	1	42	          	0	1	2015/03/03 08:41:20
71	1	42	          	0	1	2015/03/03 08:41:23
72	1	17	          	0	1	2015/03/03 08:41:30
73	1	26	          	0	1	2015/03/03 08:41:50
74	1	28	          	0	1	2015/03/03 08:42:50
75	1	49	          	0	1	2015/03/03 08:43:39
76	1	7	          	0	1	2015/03/03 08:44:16
77	1	44	          	0	1	2015/03/03 08:44:19
78	1	23	          	0	1	2015/03/03 08:44:21
79	1	25	          	0	1	2015/03/03 08:45:56
80	1	16	          	0	1	2015/03/03 08:46:35
81	1	12	          	0	1	2015/03/03 08:47:13
82	1	50	          	0	1	2015/03/03 08:48:31
83	1	10	          	0	1	2015/03/03 08:50:53
84	1	14	          	0	1	2015/03/03 08:50:56
85	1	43	          	0	1	2015/03/03 08:51:27
86	1	27	          	0	1	2015/03/03 08:52:05
87	1	27	          	0	1	2015/03/03 08:52:06
88	1	18	          	0	1	2015/03/03 08:53:35
89	1	11	          	0	1	2015/03/03 08:53:47
90	1	22	          	0	1	2015/03/03 08:55:56
91	1	22	          	0	1	2015/03/03 08:55:57
92	1	40	          	0	1	2015/03/03 08:57:44
93	1	37	          	0	1	2015/03/03 08:57:48
94	1	17	          	0	1	2015/03/03 17:30:16
95	1	51	          	0	1	2015/03/03 17:30:40
96	1	51	          	0	1	2015/03/03 17:30:41
97	1	15	          	0	1	2015/03/03 17:30:46
98	1	16	          	0	1	2015/03/03 17:31:37
99	1	13	          	0	1	2015/03/03 17:32:16
100	1	36	          	0	1	2015/03/03 17:32:29
101	1	49	          	0	1	2015/03/03 17:32:54
102	1	27	          	0	1	2015/03/03 17:32:57
103	1	46	          	0	1	2015/03/03 17:33:01
104	1	10	          	0	1	2015/03/03 17:33:05
105	1	47	          	0	1	2015/03/03 17:33:54
106	1	38	          	0	1	2015/03/03 17:33:57
107	1	50	          	0	1	2015/03/03 17:34:02
108	1	22	          	0	1	2015/03/03 17:34:07
109	1	14	          	0	1	2015/03/03 17:34:10
110	1	44	          	0	1	2015/03/03 17:34:13
111	1	40	          	0	1	2015/03/03 17:34:26
112	1	52	          	0	1	2015/03/03 17:34:31
113	1	20	          	0	1	2015/03/03 17:34:41
114	1	26	          	0	1	2015/03/03 17:34:51
115	1	21	          	0	1	2015/03/03 17:34:55
116	1	21	          	0	1	2015/03/03 17:34:56
117	1	7	          	0	1	2015/03/03 17:35:06
118	1	41	          	0	1	2015/03/03 17:35:16
119	1	19	          	0	1	2015/03/03 17:35:25
120	1	31	          	0	1	2015/03/03 17:35:56
121	1	25	          	0	1	2015/03/03 17:36:42
122	1	37	          	0	1	2015/03/03 17:36:57
123	1	37	          	0	1	2015/03/03 17:36:58
124	1	48	          	0	1	2015/03/03 17:37:08
125	1	53	          	0	1	2015/03/03 17:37:31
126	1	32	          	0	1	2015/03/03 17:37:34
127	1	24	          	0	1	2015/03/03 17:37:38
128	1	23	          	0	1	2015/03/03 17:39:37
129	1	18	          	0	1	2015/03/03 17:39:59
130	1	30	          	0	1	2015/03/03 17:45:03
131	1	11	          	0	1	2015/03/03 17:46:51
132	1	4	          	0	1	2015/03/03 17:53:52
133	1	6	          	0	1	2015/03/03 17:54:07
134	1	12	          	0	1	2015/03/03 17:54:09
135	1	28	          	0	1	2015/03/03 17:54:22
136	1	39	√œ—ﬁ»Ÿ    	0	1	2015/03/03 17:58:39
137	1	9	          	0	1	2015/03/03 17:59:06
138	1	3	          	0	1	2015/03/03 18:06:46
139	1	3	          	0	1	2015/03/03 18:06:54
140	1	3	          	0	1	2015/03/03 18:06:55
141	1	43	          	0	1	2015/03/03 18:59:21
142	1	42	          	0	1	2015/03/03 19:28:25
143	1	5	          	0	1	2015/03/03 21:34:47
144	1	45	          	0	1	2015/03/04 07:39:32
145	1	46	          	0	1	2015/03/04 08:10:58
146	1	4	          	0	1	2015/03/04 08:19:15
147	1	19	          	0	1	2015/03/04 08:25:13
148	1	23	          	0	1	2015/03/04 08:30:04
149	1	52	          	0	1	2015/03/04 08:31:09
150	1	32	          	0	1	2015/03/04 08:31:11
151	1	31	          	0	1	2015/03/04 08:32:25
152	1	32	          	0	1	2015/03/04 08:33:48
153	1	50	          	0	1	2015/03/04 08:35:33
154	1	49	          	0	1	2015/03/04 08:35:42
155	1	30	          	0	1	2015/03/04 08:37:03
156	1	9	          	0	1	2015/03/04 08:38:09
157	1	38	          	0	1	2015/03/04 08:38:32
158	1	20	          	0	1	2015/03/04 08:39:44
159	1	5	          	0	1	2015/03/04 08:40:29
160	1	53	          	0	1	2015/03/04 08:41:14
161	1	6	          	0	1	2015/03/04 08:41:20
162	1	7	          	0	1	2015/03/04 08:41:25
163	1	26	          	0	1	2015/03/04 08:42:06
164	1	3	          	0	1	2015/03/04 08:42:13
165	1	27	          	0	1	2015/03/04 08:42:50
166	1	44	          	0	1	2015/03/04 08:44:59
167	1	21	          	0	1	2015/03/04 08:45:02
168	1	40	          	0	1	2015/03/04 08:45:41
169	1	28	          	0	1	2015/03/04 08:46:17
170	1	13	          	0	1	2015/03/04 08:46:29
171	1	41	          	0	1	2015/03/04 08:46:32
172	1	48	          	0	1	2015/03/04 08:46:58
173	1	10	          	0	1	2015/03/04 08:47:02
174	1	47	          	0	1	2015/03/04 08:47:10
175	1	42	          	0	1	2015/03/04 08:48:23
176	1	39	√œ—ﬁ»Ÿ    	0	1	2015/03/04 08:48:57
177	1	12	          	0	1	2015/03/04 08:49:11
178	1	37	          	0	1	2015/03/04 08:49:38
179	1	14	          	0	1	2015/03/04 08:50:56
180	1	22	          	0	1	2015/03/04 08:51:01
181	1	22	          	0	1	2015/03/04 08:51:02
182	1	11	          	0	1	2015/03/04 08:51:06
183	1	36	          	0	1	2015/03/04 08:51:12
184	1	36	          	0	1	2015/03/04 08:51:13
185	1	51	          	0	1	2015/03/04 08:51:28
186	1	51	          	0	1	2015/03/04 08:51:29
187	1	17	          	0	1	2015/03/04 08:51:34
188	1	43	          	0	1	2015/03/04 08:53:04
189	1	18	          	0	1	2015/03/04 08:54:01
190	1	25	          	0	1	2015/03/04 08:54:33
191	1	16	          	0	1	2015/03/04 08:55:23
192	1	24	          	0	1	2015/03/04 10:28:26
193	1	49	          	0	1	2015/03/04 12:26:46
194	1	26	          	0	1	2015/03/04 12:27:45
195	1	5	          	0	1	2015/03/04 16:31:05
196	1	39	√œ—ﬁ»Ÿ    	0	1	2015/03/04 17:30:06
197	1	14	          	0	1	2015/03/04 17:31:03
198	1	22	          	0	1	2015/03/04 17:31:08
199	1	44	          	0	1	2015/03/04 17:31:11
200	1	21	          	0	1	2015/03/04 17:31:15
201	1	19	          	0	1	2015/03/04 17:31:19
202	1	17	          	0	1	2015/03/04 17:31:37
203	1	15	          	0	1	2015/03/04 17:32:18
204	1	41	          	0	1	2015/03/04 17:32:22
205	1	7	          	0	1	2015/03/04 17:32:31
206	1	51	          	0	1	2015/03/04 17:33:07
207	1	51	          	0	1	2015/03/04 17:33:08
208	1	20	          	0	1	2015/03/04 17:33:31
209	1	47	          	0	1	2015/03/04 17:33:33
210	1	27	          	0	1	2015/03/04 17:33:36
211	1	27	          	0	1	2015/03/04 17:33:37
212	1	40	          	0	1	2015/03/04 17:33:41
213	1	46	          	0	1	2015/03/04 17:33:50
214	1	50	          	0	1	2015/03/04 17:34:10
215	1	36	          	0	1	2015/03/04 17:34:26
216	1	9	          	0	1	2015/03/04 17:34:34
217	1	31	          	0	1	2015/03/04 17:35:03
218	1	16	          	0	1	2015/03/04 17:35:08
219	1	45	          	0	1	2015/03/04 17:35:16
220	1	38	          	0	1	2015/03/04 17:35:27
221	1	25	          	0	1	2015/03/04 17:35:31
222	1	52	          	0	1	2015/03/04 17:35:36
223	1	48	          	0	1	2015/03/04 17:35:50
224	1	10	          	0	1	2015/03/04 17:36:33
225	1	13	          	0	1	2015/03/04 17:36:48
226	1	6	          	0	1	2015/03/04 17:36:51
227	1	53	          	0	1	2015/03/04 17:36:59
228	1	18	          	0	1	2015/03/04 17:37:14
229	1	12	          	0	1	2015/03/04 17:37:54
230	1	37	          	0	1	2015/03/04 17:38:49
231	1	37	          	0	1	2015/03/04 17:38:56
232	1	30	          	0	1	2015/03/04 17:41:10
233	1	32	          	0	1	2015/03/04 17:43:10
234	1	24	          	0	1	2015/03/04 17:43:24
235	1	32	          	0	1	2015/03/04 17:43:44
236	1	11	          	0	1	2015/03/04 17:44:46
237	1	28	          	0	1	2015/03/04 17:47:57
238	1	4	          	0	1	2015/03/04 17:54:15
239	1	43	          	0	1	2015/03/04 18:10:55
240	1	42	          	0	1	2015/03/04 18:10:59
241	1	23	          	0	1	2015/03/04 18:11:02
242	1	45	          	0	1	2015/03/05 07:44:55
243	1	20	          	0	1	2015/03/05 07:45:02
244	1	39	√œ—ﬁ»Ÿ    	0	1	2015/03/05 08:17:31
245	1	26	          	0	1	2015/03/05 08:21:39
246	1	50	          	0	1	2015/03/05 08:24:14
247	1	36	          	0	1	2015/03/05 08:25:40
248	1	36	          	0	1	2015/03/05 08:25:41
249	1	19	          	0	1	2015/03/05 08:30:10
250	1	19	          	0	1	2015/03/05 08:30:11
251	1	31	          	0	1	2015/03/05 08:32:28
252	1	5	          	0	1	2015/03/05 08:32:57
253	1	6	          	0	1	2015/03/05 08:34:18
254	1	52	          	0	1	2015/03/05 08:34:31
255	1	32	          	0	1	2015/03/05 08:34:33
256	1	28	          	0	1	2015/03/05 08:35:02
257	1	30	          	0	1	2015/03/05 08:36:53
258	1	32	          	0	1	2015/03/05 08:37:03
259	1	9	          	0	1	2015/03/05 08:37:37
260	1	42	          	0	1	2015/03/05 08:38:21
261	1	46	          	0	1	2015/03/05 08:38:48
262	1	15	          	0	1	2015/03/05 08:41:32
263	1	3	          	0	1	2015/03/05 08:42:03
264	1	7	          	0	1	2015/03/05 08:42:06
265	1	38	          	0	1	2015/03/05 08:43:18
266	1	38	          	0	1	2015/03/05 08:43:20
267	1	4	          	0	1	2015/03/05 08:43:55
268	1	25	          	0	1	2015/03/05 08:43:59
269	1	27	          	0	1	2015/03/05 08:44:06
270	1	52	          	0	1	2015/03/05 08:44:38
271	1	16	          	0	1	2015/03/05 08:45:19
272	1	17	          	0	1	2015/03/05 08:46:14
273	1	23	          	0	1	2015/03/05 08:46:33
274	1	21	          	0	1	2015/03/05 08:46:40
275	1	49	          	0	1	2015/03/05 08:47:47
276	1	12	          	0	1	2015/03/05 08:48:00
277	1	10	          	0	1	2015/03/05 08:48:43
278	1	43	          	0	1	2015/03/05 08:48:47
279	1	41	          	0	1	2015/03/05 08:49:17
280	1	47	          	0	1	2015/03/05 08:49:19
281	1	13	          	0	1	2015/03/05 08:49:26
282	1	48	          	0	1	2015/03/05 08:49:29
283	1	40	          	0	1	2015/03/05 08:49:54
284	1	24	          	0	1	2015/03/05 08:50:42
285	1	14	          	0	1	2015/03/05 08:51:02
286	1	44	          	0	1	2015/03/05 08:51:06
287	1	37	          	0	1	2015/03/05 08:54:48
288	1	18	          	0	1	2015/03/05 08:56:07
289	1	11	          	0	1	2015/03/05 08:57:04
290	1	53	          	0	1	2015/03/05 08:57:10
291	1	22	          	0	1	2015/03/05 08:57:56
292	1	22	          	0	1	2015/03/05 08:57:57
293	1	51	          	0	1	2015/03/05 09:03:53
294	1	25	          	0	1	2015/03/05 11:52:27
295	1	17	          	0	1	2015/03/05 17:30:08
296	1	6	          	0	1	2015/03/05 17:30:10
297	1	20	          	0	1	2015/03/05 17:30:32
298	1	12	          	0	1	2015/03/05 17:30:35
299	1	39	√œ—ﬁ»Ÿ    	0	1	2015/03/05 17:30:39
300	1	26	          	0	1	2015/03/05 17:31:00
301	1	36	          	0	1	2015/03/05 17:31:06
302	1	19	          	0	1	2015/03/05 17:31:11
303	1	47	          	0	1	2015/03/05 17:31:15
304	1	44	          	0	1	2015/03/05 17:31:19
305	1	13	          	0	1	2015/03/05 17:31:47
306	1	31	          	0	1	2015/03/05 17:31:50
307	1	48	          	0	1	2015/03/05 17:31:51
308	1	41	          	0	1	2015/03/05 17:32:05
309	1	50	          	0	1	2015/03/05 17:32:44
310	1	40	          	0	1	2015/03/05 17:33:19
311	1	51	          	0	1	2015/03/05 17:33:27
312	1	45	          	0	1	2015/03/05 17:33:39
313	1	15	          	0	1	2015/03/05 17:34:03
314	1	18	          	0	1	2015/03/05 17:34:16
315	1	10	          	0	1	2015/03/05 17:34:57
316	1	27	          	0	1	2015/03/05 17:35:01
317	1	52	          	0	1	2015/03/05 17:35:06
318	1	38	          	0	1	2015/03/05 17:35:14
319	1	53	          	0	1	2015/03/05 17:35:32
320	1	54	          	0	1	2015/03/05 17:35:45
321	1	54	          	0	1	2015/03/05 17:35:47
322	1	46	          	0	1	2015/03/05 17:36:37
323	1	49	          	0	1	2015/03/05 17:36:57
324	1	37	          	0	1	2015/03/05 17:37:13
325	1	24	          	0	1	2015/03/05 17:37:18
326	1	32	          	0	1	2015/03/05 17:38:28
327	1	32	          	0	1	2015/03/05 17:38:47
328	1	9	          	0	1	2015/03/05 17:40:33
329	1	28	          	0	1	2015/03/05 17:40:37
330	1	19	          	0	1	2015/03/05 17:40:40
331	1	16	          	0	1	2015/03/05 17:44:38
332	1	11	          	0	1	2015/03/05 17:45:06
333	1	7	          	0	1	2015/03/05 17:48:09
334	1	30	          	0	1	2015/03/05 17:51:01
335	1	43	          	0	1	2015/03/05 17:56:03
336	1	22	          	0	1	2015/03/05 17:58:33
337	1	4	          	0	1	2015/03/05 17:59:51
338	1	3	          	0	1	2015/03/05 18:09:47
339	1	3	          	0	1	2015/03/05 18:09:49
340	1	5	          	0	1	2015/03/05 18:36:39
341	1	23	          	0	1	2015/03/05 18:53:01
342	1	42	          	0	1	2015/03/05 19:08:20
343	1	21	          	0	1	2015/03/05 19:10:48
344	1	21	          	0	1	2015/03/05 19:10:49
345	1	21	          	0	1	2015/03/06 07:55:30
346	1	21	          	0	1	2015/03/06 07:55:32
347	1	46	          	0	1	2015/03/06 08:13:02
348	1	53	          	0	1	2015/03/06 08:25:47
349	1	22	          	0	1	2015/03/06 08:28:53
350	1	22	          	0	1	2015/03/06 08:28:54
351	1	31	          	0	1	2015/03/06 08:29:05
352	1	36	          	0	1	2015/03/06 08:29:20
353	1	50	          	0	1	2015/03/06 08:29:26
354	1	19	          	0	1	2015/03/06 08:29:30
355	1	51	          	0	1	2015/03/06 08:29:43
356	1	19	          	0	1	2015/03/06 08:30:28
357	1	26	          	0	1	2015/03/06 08:30:46
358	1	39	√œ—ﬁ»Ÿ    	0	1	2015/03/06 08:30:53
359	1	12	          	0	1	2015/03/06 08:32:02
360	1	52	          	0	1	2015/03/06 08:33:03
361	1	32	          	0	1	2015/03/06 08:33:06
362	1	30	          	0	1	2015/03/06 08:33:22
363	1	32	          	0	1	2015/03/06 08:34:58
364	1	27	          	0	1	2015/03/06 08:37:48
365	1	27	          	0	1	2015/03/06 08:37:49
366	1	9	          	0	1	2015/03/06 08:38:50
367	1	20	          	0	1	2015/03/06 08:39:07
368	1	4	          	0	1	2015/03/06 08:39:22
369	1	54	          	0	1	2015/03/06 08:40:07
370	1	42	          	0	1	2015/03/06 08:40:35
371	1	6	          	0	1	2015/03/06 08:41:07
372	1	49	          	0	1	2015/03/06 08:41:35
373	1	38	          	0	1	2015/03/06 08:42:23
374	1	28	          	0	1	2015/03/06 08:42:38
375	1	37	          	0	1	2015/03/06 08:45:06
376	1	5	          	0	1	2015/03/06 08:45:20
377	1	23	          	0	1	2015/03/06 08:46:48
378	1	14	          	0	1	2015/03/06 08:46:51
379	1	15	          	0	1	2015/03/06 08:46:53
380	1	16	          	0	1	2015/03/06 08:48:08
381	1	10	          	0	1	2015/03/06 08:48:30
382	1	48	          	0	1	2015/03/06 08:48:33
383	1	7	          	0	1	2015/03/06 08:48:44
384	1	3	          	0	1	2015/03/06 08:49:02
385	1	3	          	0	1	2015/03/06 08:49:04
386	1	47	          	0	1	2015/03/06 08:49:07
387	1	41	          	0	1	2015/03/06 08:49:10
388	1	13	          	0	1	2015/03/06 08:49:13
389	1	44	          	0	1	2015/03/06 08:49:17
390	1	40	          	0	1	2015/03/06 08:49:21
391	1	18	          	0	1	2015/03/06 08:51:18
392	1	24	          	0	1	2015/03/06 08:51:33
393	1	43	          	0	1	2015/03/06 08:55:04
394	1	17	          	0	1	2015/03/06 08:56:02
395	1	11	          	0	1	2015/03/06 08:56:24
396	1	47	          	0	1	2015/03/06 12:03:53
397	1	50	          	0	1	2015/03/06 12:51:05
398	1	39	√œ—ﬁ»Ÿ    	0	1	2015/03/06 17:30:07
399	1	28	          	0	1	2015/03/06 17:30:10
400	1	36	          	0	1	2015/03/06 17:30:16
401	1	54	          	0	1	2015/03/06 17:30:20
402	1	19	          	0	1	2015/03/06 17:30:26
403	1	14	          	0	1	2015/03/06 17:30:31
404	1	44	          	0	1	2015/03/06 17:30:34
405	1	17	          	0	1	2015/03/06 17:30:36
406	1	26	          	0	1	2015/03/06 17:30:49
407	1	16	          	0	1	2015/03/06 17:31:03
408	1	31	          	0	1	2015/03/06 17:31:12
409	1	42	          	0	1	2015/03/06 17:31:15
410	1	46	          	0	1	2015/03/06 17:31:20
411	1	13	          	0	1	2015/03/06 17:31:24
412	1	15	          	0	1	2015/03/06 17:31:43
413	1	41	          	0	1	2015/03/06 17:31:53
414	1	21	          	0	1	2015/03/06 17:32:07
415	1	20	          	0	1	2015/03/06 17:32:10
416	1	12	          	0	1	2015/03/06 17:32:13
417	1	49	          	0	1	2015/03/06 17:32:16
418	1	40	          	0	1	2015/03/06 17:32:52
419	1	6	          	0	1	2015/03/06 17:33:11
420	1	32	          	0	1	2015/03/06 17:33:36
421	1	48	          	0	1	2015/03/06 17:33:53
422	1	51	          	0	1	2015/03/06 17:34:02
423	1	32	          	0	1	2015/03/06 17:34:28
424	1	10	          	0	1	2015/03/06 17:35:21
425	1	27	          	0	1	2015/03/06 17:35:24
426	1	38	          	0	1	2015/03/06 17:35:50
427	1	24	          	0	1	2015/03/06 17:35:53
428	1	53	          	0	1	2015/03/06 17:36:36
429	1	52	          	0	1	2015/03/06 17:36:59
430	1	18	          	0	1	2015/03/06 17:37:04
431	1	11	          	0	1	2015/03/06 17:37:08
432	1	4	          	0	1	2015/03/06 17:37:14
433	1	22	          	0	1	2015/03/06 17:37:52
434	1	7	          	0	1	2015/03/06 17:38:16
435	1	37	          	0	1	2015/03/06 17:39:02
436	1	43	          	0	1	2015/03/06 17:43:38
437	1	3	          	0	1	2015/03/06 17:48:15
438	1	30	          	0	1	2015/03/06 17:48:41
439	1	23	          	0	1	2015/03/06 18:02:44
440	1	9	          	0	1	2015/03/06 18:09:41
441	1	5	          	0	1	2015/03/06 18:12:37
442	1	46	          	0	1	2015/03/09 08:07:52
443	1	4	          	0	1	2015/03/09 08:10:10
444	1	53	          	0	1	2015/03/09 08:23:01
445	1	33	          	0	1	2015/03/09 08:23:13
446	1	17	          	0	1	2015/03/09 08:26:30
447	1	50	          	0	1	2015/03/09 08:26:52
448	1	20	          	0	1	2015/03/09 08:28:40
449	1	36	          	0	1	2015/03/09 08:29:49
450	1	27	          	0	1	2015/03/09 08:32:38
451	1	38	          	0	1	2015/03/09 08:32:44
452	1	19	          	0	1	2015/03/09 08:32:48
453	1	21	          	0	1	2015/03/09 08:33:52
454	1	26	          	0	1	2015/03/09 08:37:45
455	1	9	          	0	1	2015/03/09 08:37:48
456	1	39	√œ—ﬁ»Ÿ    	0	1	2015/03/09 08:38:16
457	1	28	          	0	1	2015/03/09 08:38:19
458	1	48	          	0	1	2015/03/09 08:39:46
459	1	30	          	0	1	2015/03/09 08:39:53
460	1	51	          	0	1	2015/03/09 08:40:13
461	1	51	          	0	1	2015/03/09 08:40:15
462	1	15	          	0	1	2015/03/09 08:40:27
463	1	6	          	0	1	2015/03/09 08:41:14
464	1	12	          	0	1	2015/03/09 08:41:19
465	1	32	          	0	1	2015/03/09 08:42:34
466	1	32	          	0	1	2015/03/09 08:44:03
467	1	23	          	0	1	2015/03/09 08:45:24
468	1	42	          	0	1	2015/03/09 08:45:41
469	1	42	          	0	1	2015/03/09 08:45:43
470	1	41	          	0	1	2015/03/09 08:46:51
471	1	13	          	0	1	2015/03/09 08:46:57
472	1	49	          	0	1	2015/03/09 08:47:03
473	1	16	          	0	1	2015/03/09 08:47:25
474	1	47	          	0	1	2015/03/09 08:47:32
475	1	37	          	0	1	2015/03/09 08:48:37
476	1	24	          	0	1	2015/03/09 08:48:43
477	1	10	          	0	1	2015/03/09 08:48:52
478	1	54	          	0	1	2015/03/09 08:50:13
479	1	25	          	0	1	2015/03/09 08:50:43
480	1	43	          	0	1	2015/03/09 08:51:14
481	1	44	          	0	1	2015/03/09 08:52:58
482	1	5	          	0	1	2015/03/09 08:53:17
483	1	40	          	0	1	2015/03/09 08:53:34
484	1	18	          	0	1	2015/03/09 08:54:31
485	1	14	          	0	1	2015/03/09 08:56:28
486	1	11	          	0	1	2015/03/09 08:58:28
487	1	31	          	0	1	2015/03/09 09:02:27
488	1	22	          	0	1	2015/03/09 09:10:05
489	1	22	          	0	1	2015/03/09 09:10:06
490	1	39	√œ—ﬁ»Ÿ    	0	1	2015/03/09 17:30:03
491	1	17	          	0	1	2015/03/09 17:30:54
492	1	51	          	0	1	2015/03/09 17:31:02
493	1	20	          	0	1	2015/03/09 17:31:10
494	1	31	          	0	1	2015/03/09 17:31:15
495	1	25	          	0	1	2015/03/09 17:31:19
496	1	47	          	0	1	2015/03/09 17:31:22
497	1	18	          	0	1	2015/03/09 17:31:29
498	1	33	          	0	1	2015/03/09 17:31:35
499	1	26	          	0	1	2015/03/09 17:31:44
500	1	36	          	0	1	2015/03/09 17:31:52
501	1	36	          	0	1	2015/03/09 17:31:53
502	1	41	          	0	1	2015/03/09 17:31:57
503	1	48	          	0	1	2015/03/09 17:32:28
504	1	46	          	0	1	2015/03/09 17:32:42
505	1	15	          	0	1	2015/03/09 17:32:44
506	1	54	          	0	1	2015/03/09 17:33:23
507	1	10	          	0	1	2015/03/09 17:33:35
508	1	27	          	0	1	2015/03/09 17:33:38
509	1	19	          	0	1	2015/03/09 17:33:49
510	1	44	          	0	1	2015/03/09 17:33:55
511	1	22	          	0	1	2015/03/09 17:33:59
512	1	13	          	0	1	2015/03/09 17:34:24
513	1	40	          	0	1	2015/03/09 17:35:29
514	1	9	          	0	1	2015/03/09 17:35:33
515	1	53	          	0	1	2015/03/09 17:36:00
516	1	37	          	0	1	2015/03/09 17:36:26
517	1	38	          	0	1	2015/03/09 17:36:31
518	1	6	          	0	1	2015/03/09 17:37:02
519	1	12	          	0	1	2015/03/09 17:37:26
520	1	42	          	0	1	2015/03/09 17:37:58
521	1	30	          	0	1	2015/03/09 17:38:51
522	1	50	          	0	1	2015/03/09 17:40:30
523	1	3	          	0	1	2015/03/09 17:44:05
524	1	32	          	0	1	2015/03/09 17:46:20
525	1	49	          	0	1	2015/03/09 17:48:15
526	1	32	          	0	1	2015/03/09 17:50:29
527	1	43	          	0	1	2015/03/09 17:56:53
528	1	5	          	0	1	2015/03/09 18:02:43
529	1	23	          	0	1	2015/03/09 18:03:33
530	1	24	          	0	1	2015/03/09 18:03:51
531	1	28	          	0	1	2015/03/09 18:09:34
532	1	11	          	0	1	2015/03/09 18:13:07
533	1	21	          	0	1	2015/03/09 18:14:24
534	1	21	          	0	1	2015/03/09 18:14:25
535	1	4	          	0	1	2015/03/09 18:32:22
536	1	21	          	0	1	2015/03/10 07:45:12
537	1	21	          	0	1	2015/03/10 07:45:13
538	1	5	          	0	1	2015/03/10 07:47:14
539	1	33	          	0	1	2015/03/10 08:14:52
540	1	46	          	0	1	2015/03/10 08:19:05
541	1	26	          	0	1	2015/03/10 08:21:25
542	1	36	          	0	1	2015/03/10 08:25:52
543	1	9	          	0	1	2015/03/10 08:27:18
544	1	50	          	0	1	2015/03/10 08:29:04
545	1	31	          	0	1	2015/03/10 08:31:41
546	1	53	          	0	1	2015/03/10 08:32:33
547	1	38	          	0	1	2015/03/10 08:32:42
548	1	27	          	0	1	2015/03/10 08:33:31
549	1	4	          	0	1	2015/03/10 08:35:54
550	1	20	          	0	1	2015/03/10 08:36:11
551	1	30	          	0	1	2015/03/10 08:39:12
552	1	51	          	0	1	2015/03/10 08:40:21
553	1	51	          	0	1	2015/03/10 08:40:22
554	1	6	          	0	1	2015/03/10 08:41:14
555	1	15	          	0	1	2015/03/10 08:41:18
556	1	44	          	0	1	2015/03/10 08:41:23
557	1	28	          	0	1	2015/03/10 08:42:01
558	1	32	          	0	1	2015/03/10 08:43:13
559	1	19	          	0	1	2015/03/10 08:45:19
560	1	10	          	0	1	2015/03/10 08:45:51
561	1	39	√œ—ﬁ»Ÿ    	0	1	2015/03/10 08:46:06
562	1	16	          	0	1	2015/03/10 08:46:11
563	1	3	          	0	1	2015/03/10 08:46:15
564	1	42	          	0	1	2015/03/10 08:47:23
565	1	24	          	0	1	2015/03/10 08:48:06
566	1	12	          	0	1	2015/03/10 08:48:25
567	1	48	          	0	1	2015/03/10 08:48:56
568	1	47	          	0	1	2015/03/10 08:50:32
569	1	41	          	0	1	2015/03/10 08:50:36
570	1	13	          	0	1	2015/03/10 08:50:38
571	1	23	          	0	1	2015/03/10 08:50:41
572	1	49	          	0	1	2015/03/10 08:50:44
573	1	22	          	0	1	2015/03/10 08:51:38
574	1	25	          	0	1	2015/03/10 08:51:41
575	1	40	          	0	1	2015/03/10 08:52:02
576	1	43	          	0	1	2015/03/10 08:52:37
577	1	18	          	0	1	2015/03/10 08:53:38
578	1	11	          	0	1	2015/03/10 08:56:28
579	1	17	          	0	1	2015/03/10 08:59:17
580	1	37	          	0	1	2015/03/10 10:34:47
581	1	39	√œ—ﬁ»Ÿ    	0	1	2015/03/10 14:34:20
582	1	24	          	0	1	2015/03/10 17:29:59
583	1	14	          	0	1	2015/03/10 17:30:08
584	1	19	          	0	1	2015/03/10 17:30:12
585	1	22	          	0	1	2015/03/10 17:30:18
586	1	17	          	0	1	2015/03/10 17:30:27
587	1	48	          	0	1	2015/03/10 17:30:55
588	1	44	          	0	1	2015/03/10 17:31:32
589	1	18	          	0	1	2015/03/10 17:31:35
590	1	18	          	0	1	2015/03/10 17:31:36
591	1	21	          	0	1	2015/03/10 17:32:20
592	1	38	          	0	1	2015/03/10 17:32:42
593	1	49	          	0	1	2015/03/10 17:33:02
594	1	41	          	0	1	2015/03/10 17:33:06
595	1	51	          	0	1	2015/03/10 17:33:11
596	1	32	          	0	1	2015/03/10 17:33:35
597	1	46	          	0	1	2015/03/10 17:33:48
598	1	15	          	0	1	2015/03/10 17:33:51
599	1	10	          	0	1	2015/03/10 17:34:17
600	1	13	          	0	1	2015/03/10 17:34:22
601	1	27	          	0	1	2015/03/10 17:34:26
602	1	47	          	0	1	2015/03/10 17:34:44
603	1	25	          	0	1	2015/03/10 17:34:48
604	1	31	          	0	1	2015/03/10 17:35:06
605	1	32	          	0	1	2015/03/10 17:35:31
606	1	50	          	0	1	2015/03/10 17:36:55
607	1	53	          	0	1	2015/03/10 17:37:10
608	1	43	          	0	1	2015/03/10 17:37:25
609	1	37	          	0	1	2015/03/10 17:38:39
610	1	9	          	0	1	2015/03/10 17:41:24
611	1	42	          	0	1	2015/03/10 17:43:51
612	1	40	          	0	1	2015/03/10 17:44:27
613	1	36	          	0	1	2015/03/10 17:46:34
614	1	30	          	0	1	2015/03/10 17:48:47
615	1	28	          	0	1	2015/03/10 17:50:07
616	1	33	          	0	1	2015/03/10 17:51:05
617	1	16	          	0	1	2015/03/10 17:51:12
618	1	6	          	0	1	2015/03/10 17:53:12
619	1	11	          	0	1	2015/03/10 17:53:38
620	1	12	          	0	1	2015/03/10 17:54:31
621	1	26	          	0	1	2015/03/10 17:56:23
622	1	4	          	0	1	2015/03/10 17:59:23
623	1	3	          	0	1	2015/03/10 18:36:58
624	1	23	          	0	1	2015/03/10 18:38:51
625	1	5	          	0	1	2015/03/10 20:30:15
626	1	46	          	0	1	2015/03/11 08:11:12
627	1	33	          	0	1	2015/03/11 08:18:41
628	1	50	          	0	1	2015/03/11 08:29:13
629	1	36	          	0	1	2015/03/11 08:30:04
630	1	27	          	0	1	2015/03/11 08:31:13
631	1	26	          	0	1	2015/03/11 08:32:45
632	1	19	          	0	1	2015/03/11 08:34:27
633	1	42	          	0	1	2015/03/11 08:34:48
634	1	31	          	0	1	2015/03/11 08:36:20
635	1	30	          	0	1	2015/03/11 08:37:18
636	1	23	          	0	1	2015/03/11 08:37:37
637	1	44	          	0	1	2015/03/11 08:39:32
638	1	54	          	0	1	2015/03/11 08:39:51
639	1	54	          	0	1	2015/03/11 08:39:52
640	1	21	          	0	1	2015/03/11 08:40:46
641	1	21	          	0	1	2015/03/11 08:40:47
642	1	9	          	0	1	2015/03/11 08:42:18
643	1	38	          	0	1	2015/03/11 08:42:33
644	1	15	          	0	1	2015/03/11 08:42:38
645	1	17	          	0	1	2015/03/11 08:42:50
646	1	4	          	0	1	2015/03/11 08:43:26
647	1	32	          	0	1	2015/03/11 08:45:02
648	1	40	          	0	1	2015/03/11 08:45:21
649	1	32	          	0	1	2015/03/11 08:46:13
650	1	6	          	0	1	2015/03/11 08:46:17
651	1	12	          	0	1	2015/03/11 08:46:20
652	1	51	          	0	1	2015/03/11 08:46:49
653	1	51	          	0	1	2015/03/11 08:46:50
654	1	5	          	0	1	2015/03/11 08:47:36
655	1	37	          	0	1	2015/03/11 08:47:44
656	1	10	          	0	1	2015/03/11 08:47:48
657	1	39	√œ—ﬁ»Ÿ    	0	1	2015/03/11 08:48:16
658	1	24	          	0	1	2015/03/11 08:48:22
659	1	41	          	0	1	2015/03/11 08:48:26
660	1	49	          	0	1	2015/03/11 08:48:30
661	1	47	          	0	1	2015/03/11 08:48:36
662	1	13	          	0	1	2015/03/11 08:48:40
663	1	4	          	0	1	2015/03/11 08:49:10
664	1	43	          	0	1	2015/03/11 08:49:56
665	1	48	          	0	1	2015/03/11 08:49:59
666	1	22	          	0	1	2015/03/11 08:50:12
667	1	3	          	0	1	2015/03/11 08:50:54
668	1	28	          	0	1	2015/03/11 08:52:24
669	1	53	          	0	1	2015/03/11 08:53:46
670	1	16	          	0	1	2015/03/11 08:53:57
671	1	11	          	0	1	2015/03/11 08:57:16
672	1	18	          	0	1	2015/03/11 08:57:19
673	1	49	          	0	1	2015/03/11 12:57:43
674	1	17	          	0	1	2015/03/11 17:31:21
675	1	10	          	0	1	2015/03/11 17:31:58
676	1	51	          	0	1	2015/03/11 17:32:03
677	1	51	          	0	1	2015/03/11 17:32:04
678	1	27	          	0	1	2015/03/11 17:32:10
679	1	44	          	0	1	2015/03/11 17:32:13
680	1	22	          	0	1	2015/03/11 17:32:16
681	1	38	          	0	1	2015/03/11 17:32:28
682	1	14	          	0	1	2015/03/11 17:32:32
683	1	33	          	0	1	2015/03/11 17:32:35
684	1	47	          	0	1	2015/03/11 17:32:42
685	1	15	          	0	1	2015/03/11 17:32:44
686	1	55	          	0	1	2015/03/11 17:32:51
687	1	6	          	0	1	2015/03/11 17:33:25
688	1	12	          	0	1	2015/03/11 17:33:29
689	1	40	          	0	1	2015/03/11 17:33:52
690	1	32	          	0	1	2015/03/11 17:33:57
691	1	37	          	0	1	2015/03/11 17:34:06
692	1	37	          	0	1	2015/03/11 17:34:07
693	1	21	          	0	1	2015/03/11 17:34:12
694	1	21	          	0	1	2015/03/11 17:34:13
695	1	31	          	0	1	2015/03/11 17:34:30
696	1	39	√œ—ﬁ»Ÿ    	0	1	2015/03/11 17:34:42
697	1	48	          	0	1	2015/03/11 17:35:29
698	1	26	          	0	1	2015/03/11 17:35:37
699	1	36	          	0	1	2015/03/11 17:35:46
700	1	32	          	0	1	2015/03/11 17:36:05
701	1	24	          	0	1	2015/03/11 17:36:41
702	1	53	          	0	1	2015/03/11 17:36:55
703	1	50	          	0	1	2015/03/11 17:36:59
704	1	54	          	0	1	2015/03/11 17:37:26
705	1	43	          	0	1	2015/03/11 17:37:30
706	1	28	          	0	1	2015/03/11 17:40:32
707	1	13	          	0	1	2015/03/11 17:40:33
708	1	18	          	0	1	2015/03/11 17:40:43
709	1	16	          	0	1	2015/03/11 17:43:31
710	1	9	          	0	1	2015/03/11 17:44:28
711	1	9	          	0	1	2015/03/11 17:44:57
712	1	19	          	0	1	2015/03/11 17:45:43
713	1	46	          	0	1	2015/03/11 17:45:47
714	1	30	          	0	1	2015/03/11 17:46:22
715	1	23	          	0	1	2015/03/11 17:51:43
716	1	4	          	0	1	2015/03/11 17:54:03
717	1	11	          	0	1	2015/03/11 18:19:49
718	1	41	          	0	1	2015/03/11 18:31:30
719	1	42	          	0	1	2015/03/11 18:35:28
720	1	42	          	0	1	2015/03/11 18:35:29
721	1	5	          	0	1	2015/03/11 19:39:57
722	1	39	√œ—ﬁ»Ÿ    	0	1	2015/03/12 07:48:08
723	1	28	          	0	1	2015/03/12 08:05:48
724	1	53	          	0	1	2015/03/12 08:07:56
725	1	41	          	0	1	2015/03/12 08:19:11
726	1	13	          	0	1	2015/03/12 08:19:15
727	1	38	          	0	1	2015/03/12 08:22:45
728	1	50	          	0	1	2015/03/12 08:24:08
729	1	51	          	0	1	2015/03/12 08:25:06
730	1	19	          	0	1	2015/03/12 08:25:50
731	1	5	          	0	1	2015/03/12 08:31:29
732	1	36	          	0	1	2015/03/12 08:34:07
733	1	36	          	0	1	2015/03/12 08:34:08
734	1	15	          	0	1	2015/03/12 08:35:39
735	1	15	          	0	1	2015/03/12 08:35:40
736	1	21	          	0	1	2015/03/12 08:36:34
737	1	21	          	0	1	2015/03/12 08:36:36
738	1	42	          	0	1	2015/03/12 08:37:29
739	1	44	          	0	1	2015/03/12 08:40:05
740	1	51	          	0	1	2015/03/12 08:41:18
741	1	27	          	0	1	2015/03/12 08:42:05
742	1	54	          	0	1	2015/03/12 08:42:18
743	1	9	          	0	1	2015/03/12 08:42:34
744	1	40	          	0	1	2015/03/12 08:43:54
745	1	32	          	0	1	2015/03/12 08:44:00
746	1	26	          	0	1	2015/03/12 08:45:07
747	1	24	          	0	1	2015/03/12 08:45:10
748	1	32	          	0	1	2015/03/12 08:45:17
749	1	17	          	0	1	2015/03/12 08:45:23
750	1	4	          	0	1	2015/03/12 08:46:33
751	1	46	          	0	1	2015/03/12 08:46:45
752	1	10	          	0	1	2015/03/12 08:47:16
753	1	33	          	0	1	2015/03/12 08:48:41
754	1	7	          	0	1	2015/03/12 08:48:58
755	1	6	          	0	1	2015/03/12 08:49:54
756	1	14	          	0	1	2015/03/12 08:50:01
757	1	22	          	0	1	2015/03/12 08:50:05
758	1	43	          	0	1	2015/03/12 08:50:10
759	1	16	          	0	1	2015/03/12 08:50:42
760	1	55	          	0	1	2015/03/12 08:50:50
761	1	12	          	0	1	2015/03/12 08:53:28
762	1	18	          	0	1	2015/03/12 08:56:53
763	1	11	          	0	1	2015/03/12 08:58:26
764	1	3	          	0	1	2015/03/12 09:02:22
765	1	9	          	0	1	2015/03/12 16:30:45
766	1	17	          	0	1	2015/03/12 17:30:15
767	1	6	          	0	1	2015/03/12 17:30:37
768	1	12	          	0	1	2015/03/12 17:30:42
769	1	39	√œ—ﬁ»Ÿ    	0	1	2015/03/12 17:30:47
770	1	26	          	0	1	2015/03/12 17:32:04
771	1	32	          	0	1	2015/03/12 17:32:15
772	1	14	          	0	1	2015/03/12 17:32:29
773	1	44	          	0	1	2015/03/12 17:32:35
774	1	22	          	0	1	2015/03/12 17:32:40
775	1	22	          	0	1	2015/03/12 17:32:41
776	1	24	          	0	1	2015/03/12 17:32:47
777	1	36	          	0	1	2015/03/12 17:32:56
778	1	55	          	0	1	2015/03/12 17:33:33
779	1	18	          	0	1	2015/03/12 17:33:44
780	1	23	          	0	1	2015/03/12 17:33:55
781	1	19	          	0	1	2015/03/12 17:34:04
782	1	7	          	0	1	2015/03/12 17:34:08
783	1	46	          	0	1	2015/03/12 17:34:21
784	1	54	          	0	1	2015/03/12 17:34:37
785	1	54	          	0	1	2015/03/12 17:34:38
786	1	21	          	0	1	2015/03/12 17:35:02
787	1	21	          	0	1	2015/03/12 17:35:03
788	1	15	          	0	1	2015/03/12 17:35:34
789	1	41	          	0	1	2015/03/12 17:35:54
790	1	51	          	0	1	2015/03/12 17:36:02
791	1	16	          	0	1	2015/03/12 17:36:09
792	1	53	          	0	1	2015/03/12 17:36:13
793	1	38	          	0	1	2015/03/12 17:36:18
794	1	38	          	0	1	2015/03/12 17:36:19
795	1	50	          	0	1	2015/03/12 17:36:47
796	1	19	          	0	1	2015/03/12 17:37:12
797	1	27	          	0	1	2015/03/12 17:37:52
798	1	10	          	0	1	2015/03/12 17:37:55
799	1	40	          	0	1	2015/03/12 17:45:55
800	1	42	          	0	1	2015/03/12 17:48:30
801	1	43	          	0	1	2015/03/12 17:51:09
802	1	33	          	0	1	2015/03/12 17:51:56
803	1	3	          	0	1	2015/03/12 17:56:40
804	1	4	          	0	1	2015/03/12 18:03:14
805	1	11	          	0	1	2015/03/12 18:07:31
806	1	5	          	0	1	2015/03/12 18:10:17
807	1	28	          	0	1	2015/03/12 18:37:34
808	1	13	          	0	1	2015/03/12 18:49:54
809	1	21	          	0	1	2015/03/13 07:42:09
810	1	21	          	0	1	2015/03/13 07:42:10
811	1	33	          	0	1	2015/03/13 08:12:25
812	1	46	          	0	1	2015/03/13 08:14:08
813	1	55	          	0	1	2015/03/13 08:18:18
814	1	12	          	0	1	2015/03/13 08:20:52
815	1	19	          	0	1	2015/03/13 08:20:58
816	1	23	          	0	1	2015/03/13 08:26:20
817	1	7	          	0	1	2015/03/13 08:28:50
818	1	28	          	0	1	2015/03/13 08:35:28
819	1	50	          	0	1	2015/03/13 08:35:45
820	1	5	          	0	1	2015/03/13 08:37:19
821	1	44	          	0	1	2015/03/13 08:38:48
822	1	16	          	0	1	2015/03/13 08:39:25
823	1	53	          	0	1	2015/03/13 08:39:29
824	1	42	          	0	1	2015/03/13 08:40:06
825	1	41	          	0	1	2015/03/13 08:40:51
826	1	54	          	0	1	2015/03/13 08:41:23
827	1	4	          	0	1	2015/03/13 08:41:26
828	1	13	          	0	1	2015/03/13 08:41:38
829	1	17	          	0	1	2015/03/13 08:42:03
830	1	24	          	0	1	2015/03/13 08:42:59
831	1	27	          	0	1	2015/03/13 08:43:39
832	1	27	          	0	1	2015/03/13 08:43:40
833	1	38	          	0	1	2015/03/13 08:45:00
834	1	15	          	0	1	2015/03/13 08:45:40
835	1	30	          	0	1	2015/03/13 08:46:02
836	1	26	          	0	1	2015/03/13 08:46:06
837	1	6	          	0	1	2015/03/13 08:46:14
838	1	32	          	0	1	2015/03/13 08:47:58
839	1	10	          	0	1	2015/03/13 08:48:32
840	1	32	          	0	1	2015/03/13 08:49:28
841	1	39	√œ—ﬁ»Ÿ    	0	1	2015/03/13 08:50:14
842	1	43	          	0	1	2015/03/13 08:50:18
843	1	36	          	0	1	2015/03/13 08:50:55
844	1	40	          	0	1	2015/03/13 08:51:08
845	1	51	          	0	1	2015/03/13 08:52:21
846	1	18	          	0	1	2015/03/13 08:53:09
847	1	14	          	0	1	2015/03/13 08:54:46
848	1	22	          	0	1	2015/03/13 08:54:50
849	1	11	          	0	1	2015/03/13 08:58:36
850	1	3	          	0	1	2015/03/13 08:59:26
851	1	5	          	0	1	2015/03/13 17:30:53
852	1	51	          	0	1	2015/03/13 17:30:57
853	1	6	          	0	1	2015/03/13 17:30:59
854	1	17	          	0	1	2015/03/13 17:31:01
855	1	12	          	0	1	2015/03/13 17:31:03
856	1	39	√œ—ﬁ»Ÿ    	0	1	2015/03/13 17:31:10
857	1	43	          	0	1	2015/03/13 17:31:15
858	1	16	          	0	1	2015/03/13 17:31:19
859	1	41	          	0	1	2015/03/13 17:31:25
860	1	22	          	0	1	2015/03/13 17:31:40
861	1	22	          	0	1	2015/03/13 17:31:41
862	1	44	          	0	1	2015/03/13 17:31:42
863	1	32	          	0	1	2015/03/13 17:31:47
864	1	54	          	0	1	2015/03/13 17:32:03
865	1	11	          	0	1	2015/03/13 17:32:42
866	1	15	          	0	1	2015/03/13 17:32:46
867	1	9	          	0	1	2015/03/13 17:32:53
868	1	27	          	0	1	2015/03/13 17:33:01
869	1	10	          	0	1	2015/03/13 17:33:07
870	1	21	          	0	1	2015/03/13 17:33:49
871	1	21	          	0	1	2015/03/13 17:33:50
872	1	23	          	0	1	2015/03/13 17:33:53
873	1	7	          	0	1	2015/03/13 17:33:58
874	1	33	          	0	1	2015/03/13 17:34:01
875	1	19	          	0	1	2015/03/13 17:34:06
876	1	55	          	0	1	2015/03/13 17:34:16
877	1	36	          	0	1	2015/03/13 17:34:33
878	1	26	          	0	1	2015/03/13 17:34:37
879	1	18	          	0	1	2015/03/13 17:35:26
880	1	32	          	0	1	2015/03/13 17:35:31
881	1	32	          	0	1	2015/03/13 17:35:33
882	1	46	          	0	1	2015/03/13 17:35:35
883	1	50	          	0	1	2015/03/13 17:37:04
884	1	53	          	0	1	2015/03/13 17:41:10
885	1	40	          	0	1	2015/03/13 17:42:35
886	1	30	          	0	1	2015/03/13 17:44:29
887	1	4	          	0	1	2015/03/13 17:50:43
888	1	42	          	0	1	2015/03/13 17:55:44
889	1	38	          	0	1	2015/03/13 18:10:04
890	1	24	          	0	1	2015/03/13 18:11:55
891	1	28	          	0	1	2015/03/13 18:22:22
892	1	3	          	0	1	2015/03/13 18:23:37
893	1	13	          	0	1	2015/03/13 18:32:22
894	1	53	          	0	1	2015/03/16 08:13:48
895	1	36	          	0	1	2015/03/16 08:28:06
896	1	13	          	0	1	2015/03/16 08:29:35
897	1	55	          	0	1	2015/03/16 08:30:21
898	1	50	          	0	1	2015/03/16 08:31:48
899	1	19	          	0	1	2015/03/16 08:31:57
900	1	20	          	0	1	2015/03/16 08:33:22
901	1	42	          	0	1	2015/03/16 08:34:19
902	1	42	          	0	1	2015/03/16 08:34:20
903	1	6	          	0	1	2015/03/16 08:36:37
904	1	33	          	0	1	2015/03/16 08:37:11
905	1	27	          	0	1	2015/03/16 08:37:20
906	1	27	          	0	1	2015/03/16 08:37:26
907	1	27	          	0	1	2015/03/16 08:37:27
908	1	38	          	0	1	2015/03/16 08:37:32
909	1	9	          	0	1	2015/03/16 08:37:48
910	1	48	          	0	1	2015/03/16 08:39:16
911	1	26	          	0	1	2015/03/16 08:39:40
912	1	46	          	0	1	2015/03/16 08:41:33
913	1	3	          	0	1	2015/03/16 08:43:12
914	1	5	          	0	1	2015/03/16 08:43:23
915	1	28	          	0	1	2015/03/16 08:44:20
916	1	43	          	0	1	2015/03/16 08:45:01
917	1	49	          	0	1	2015/03/16 08:45:48
918	1	47	          	0	1	2015/03/16 08:45:51
919	1	41	          	0	1	2015/03/16 08:45:56
920	1	21	          	0	1	2015/03/16 08:45:59
921	1	21	          	0	1	2015/03/16 08:46:00
922	1	4	          	0	1	2015/03/16 08:46:56
923	1	4	          	0	1	2015/03/16 08:46:57
924	1	7	          	0	1	2015/03/16 08:47:02
925	1	40	          	0	1	2015/03/16 08:47:24
926	1	15	          	0	1	2015/03/16 08:47:34
927	1	18	          	0	1	2015/03/16 08:47:59
928	1	16	          	0	1	2015/03/16 08:49:02
929	1	12	          	0	1	2015/03/16 08:50:36
930	1	39	√œ—ﬁ»Ÿ    	0	1	2015/03/16 08:50:39
931	1	51	          	0	1	2015/03/16 08:50:43
932	1	37	          	0	1	2015/03/16 08:51:05
933	1	44	          	0	1	2015/03/16 08:51:12
934	1	52	          	0	1	2015/03/16 08:51:21
935	1	32	          	0	1	2015/03/16 08:51:25
936	1	22	          	0	1	2015/03/16 08:52:00
937	1	32	          	0	1	2015/03/16 08:52:23
938	1	17	          	0	1	2015/03/16 08:52:46
939	1	24	          	0	1	2015/03/16 08:53:31
940	1	11	          	0	1	2015/03/16 08:54:59
941	1	10	          	0	1	2015/03/16 08:55:12
942	1	54	          	0	1	2015/03/16 09:01:39
943	1	17	          	0	1	2015/03/16 17:30:05
944	1	19	          	0	1	2015/03/16 17:30:14
945	1	36	          	0	1	2015/03/16 17:30:16
946	1	26	          	0	1	2015/03/16 17:30:22
947	1	15	          	0	1	2015/03/16 17:30:25
948	1	46	          	0	1	2015/03/16 17:30:28
949	1	53	          	0	1	2015/03/16 17:30:33
950	1	39	√œ—ﬁ»Ÿ    	0	1	2015/03/16 17:30:37
951	1	51	          	0	1	2015/03/16 17:30:52
952	1	51	          	0	1	2015/03/16 17:30:53
953	1	21	          	0	1	2015/03/16 17:31:36
954	1	40	          	0	1	2015/03/16 17:31:45
955	1	21	          	0	1	2015/03/16 17:31:49
956	1	21	          	0	1	2015/03/16 17:31:50
957	1	49	          	0	1	2015/03/16 17:31:53
958	1	54	          	0	1	2015/03/16 17:31:58
959	1	50	          	0	1	2015/03/16 17:33:10
960	1	10	          	0	1	2015/03/16 17:33:58
961	1	27	          	0	1	2015/03/16 17:34:01
962	1	41	          	0	1	2015/03/16 17:35:25
963	1	6	          	0	1	2015/03/16 17:35:28
964	1	13	          	0	1	2015/03/16 17:38:46
965	1	28	          	0	1	2015/03/16 17:40:57
966	1	11	          	0	1	2015/03/16 17:41:00
967	1	5	          	0	1	2015/03/16 17:41:10
968	1	9	          	0	1	2015/03/16 17:41:15
969	1	32	          	0	1	2015/03/16 17:41:49
970	1	16	          	0	1	2015/03/16 17:43:22
971	1	47	          	0	1	2015/03/16 17:44:07
972	1	52	          	0	1	2015/03/16 17:44:43
973	1	12	          	0	1	2015/03/16 17:45:25
974	1	7	          	0	1	2015/03/16 17:46:11
975	1	55	          	0	1	2015/03/16 17:46:52
976	1	20	          	0	1	2015/03/16 17:47:51
977	1	37	          	0	1	2015/03/16 17:49:05
978	1	22	          	0	1	2015/03/16 17:51:02
979	1	44	          	0	1	2015/03/16 17:51:08
980	1	24	          	0	1	2015/03/16 17:51:33
981	1	48	          	0	1	2015/03/16 17:54:03
982	1	38	          	0	1	2015/03/16 18:01:19
983	1	4	          	0	1	2015/03/16 18:06:50
984	1	43	          	0	1	2015/03/16 18:16:21
985	1	30	          	0	1	2015/03/16 18:28:44
986	1	33	          	0	1	2015/03/16 19:07:02
987	1	18	          	0	1	2015/03/16 20:13:49
988	1	42	          	0	1	2015/03/16 20:13:52
989	1	3	          	0	1	2015/03/16 20:13:59
990	1	21	          	0	1	2015/03/17 07:00:31
991	1	21	          	0	1	2015/03/17 07:00:33
992	1	41	          	0	1	2015/03/17 08:12:18
993	1	20	          	0	1	2015/03/17 08:16:21
994	1	36	          	0	1	2015/03/17 08:17:02
995	1	50	          	0	1	2015/03/17 08:23:28
996	1	55	          	0	1	2015/03/17 08:24:11
997	1	17	          	0	1	2015/03/17 08:27:49
998	1	51	          	0	1	2015/03/17 08:28:33
999	1	46	          	0	1	2015/03/17 08:31:21
1000	1	46	          	0	1	2015/03/17 08:31:22
1001	1	26	          	0	1	2015/03/17 08:32:52
1002	1	9	          	0	1	2015/03/17 08:33:41
1003	1	33	          	0	1	2015/03/17 08:34:07
1004	1	4	          	0	1	2015/03/17 08:34:11
1005	1	19	          	0	1	2015/03/17 08:34:15
1006	1	30	          	0	1	2015/03/17 08:36:02
1007	1	27	          	0	1	2015/03/17 08:38:35
1008	1	27	          	0	1	2015/03/17 08:38:36
1009	1	53	          	0	1	2015/03/17 08:40:58
1010	1	38	          	0	1	2015/03/17 08:41:02
1011	1	12	          	0	1	2015/03/17 08:41:12
1012	1	42	          	0	1	2015/03/17 08:44:34
1013	1	39	√œ—ﬁ»Ÿ    	0	1	2015/03/17 08:46:39
1014	1	3	          	0	1	2015/03/17 08:46:43
1015	1	18	          	0	1	2015/03/17 08:47:00
1016	1	24	          	0	1	2015/03/17 08:47:54
1017	1	44	          	0	1	2015/03/17 08:47:57
1018	1	49	          	0	1	2015/03/17 08:48:00
1019	1	13	          	0	1	2015/03/17 08:48:01
1020	1	43	          	0	1	2015/03/17 08:48:03
1021	1	47	          	0	1	2015/03/17 08:48:08
1022	1	6	          	0	1	2015/03/17 08:48:10
1023	1	5	          	0	1	2015/03/17 08:49:19
1024	1	48	          	0	1	2015/03/17 08:49:30
1025	1	40	          	0	1	2015/03/17 08:49:45
1026	1	37	          	0	1	2015/03/17 08:49:55
1027	1	22	          	0	1	2015/03/17 08:50:23
1028	1	22	          	0	1	2015/03/17 08:50:24
1029	1	32	          	0	1	2015/03/17 08:51:09
1030	1	52	          	0	1	2015/03/17 08:51:13
1031	1	32	          	0	1	2015/03/17 08:53:06
1032	1	11	          	0	1	2015/03/17 08:53:25
1033	1	7	          	0	1	2015/03/17 08:54:22
1034	1	10	          	0	1	2015/03/17 09:07:11
1035	1	28	          	0	1	2015/03/17 09:07:13
1036	1	15	          	0	1	2015/03/17 09:50:41
1037	1	20	          	0	1	2015/03/17 17:30:06
1038	1	17	          	0	1	2015/03/17 17:30:13
1039	1	44	          	0	1	2015/03/17 17:30:20
1040	1	39	√œ—ﬁ»Ÿ    	0	1	2015/03/17 17:31:00
1041	1	22	          	0	1	2015/03/17 17:31:05
1042	1	47	          	0	1	2015/03/17 17:31:10
1043	1	41	          	0	1	2015/03/17 17:31:14
1044	1	6	          	0	1	2015/03/17 17:31:39
1045	1	12	          	0	1	2015/03/17 17:31:43
1046	1	19	          	0	1	2015/03/17 17:31:46
1047	1	5	          	0	1	2015/03/17 17:31:53
1048	1	15	          	0	1	2015/03/17 17:31:55
1049	1	40	          	0	1	2015/03/17 17:32:02
1050	1	37	          	0	1	2015/03/17 17:32:49
1051	1	49	          	0	1	2015/03/17 17:32:51
1052	1	55	          	0	1	2015/03/17 17:32:54
1053	1	46	          	0	1	2015/03/17 17:32:57
1054	1	53	          	0	1	2015/03/17 17:33:10
1055	1	10	          	0	1	2015/03/17 17:33:53
1056	1	27	          	0	1	2015/03/17 17:33:56
1057	1	9	          	0	1	2015/03/17 17:34:20
1058	1	11	          	0	1	2015/03/17 17:34:24
1059	1	16	          	0	1	2015/03/17 17:34:39
1060	1	51	          	0	1	2015/03/17 17:34:59
1061	1	32	          	0	1	2015/03/17 17:35:17
1062	1	52	          	0	1	2015/03/17 17:35:21
1063	1	21	          	0	1	2015/03/17 17:36:02
1064	1	21	          	0	1	2015/03/17 17:36:03
1065	1	32	          	0	1	2015/03/17 17:36:07
1066	1	48	          	0	1	2015/03/17 17:37:28
1067	1	28	          	0	1	2015/03/17 17:41:41
1068	1	42	          	0	1	2015/03/17 17:54:46
1069	1	7	          	0	1	2015/03/17 17:54:51
1070	1	38	          	0	1	2015/03/17 17:54:55
1071	1	43	          	0	1	2015/03/17 17:56:34
1072	1	36	          	0	1	2015/03/17 17:57:05
1073	1	24	          	0	1	2015/03/17 17:57:26
1074	1	26	          	0	1	2015/03/17 17:57:34
1075	1	18	          	0	1	2015/03/17 17:58:24
1076	1	33	          	0	1	2015/03/17 17:59:14
1077	1	4	          	0	1	2015/03/17 18:13:04
1078	1	30	          	0	1	2015/03/17 18:15:32
1079	1	3	          	0	1	2015/03/17 20:36:47
1080	1	33	          	0	1	2015/03/18 07:59:15
1081	1	46	          	0	1	2015/03/18 08:14:54
1082	1	46	          	0	1	2015/03/18 08:14:56
1083	1	38	          	0	1	2015/03/18 08:27:42
1084	1	19	          	0	1	2015/03/18 08:27:46
1085	1	12	          	0	1	2015/03/18 08:28:15
1086	1	42	          	0	1	2015/03/18 08:29:29
1087	1	13	          	0	1	2015/03/18 08:30:48
1088	1	53	          	0	1	2015/03/18 08:31:00
1089	1	26	          	0	1	2015/03/18 08:31:36
1090	1	55	          	0	1	2015/03/18 08:34:10
1091	1	44	          	0	1	2015/03/18 08:35:27
1092	1	30	          	0	1	2015/03/18 08:35:49
1093	1	30	          	0	1	2015/03/18 08:35:50
1094	1	32	          	0	1	2015/03/18 08:36:27
1095	1	52	          	0	1	2015/03/18 08:36:31
1096	1	9	          	0	1	2015/03/18 08:36:59
1097	1	36	          	0	1	2015/03/18 08:37:11
1098	1	36	          	0	1	2015/03/18 08:37:12
1099	1	21	          	0	1	2015/03/18 08:38:28
1100	1	21	          	0	1	2015/03/18 08:38:29
1101	1	54	          	0	1	2015/03/18 08:38:34
1102	1	50	          	0	1	2015/03/18 08:38:43
1103	1	15	          	0	1	2015/03/18 08:39:09
1104	1	9	          	0	1	2015/03/18 08:39:22
1105	1	6	          	0	1	2015/03/18 08:39:52
1106	1	17	          	0	1	2015/03/18 08:41:57
1107	1	20	          	0	1	2015/03/18 08:42:46
1108	1	4	          	0	1	2015/03/18 08:43:38
1109	1	27	          	0	1	2015/03/18 08:44:10
1110	1	39	√œ—ﬁ»Ÿ    	0	1	2015/03/18 08:44:16
1111	1	27	          	0	1	2015/03/18 08:44:19
1112	1	40	          	0	1	2015/03/18 08:44:49
1113	1	48	          	0	1	2015/03/18 08:44:57
1114	1	28	          	0	1	2015/03/18 08:45:04
1115	1	22	          	0	1	2015/03/18 08:46:03
1116	1	22	          	0	1	2015/03/18 08:46:04
1117	1	47	          	0	1	2015/03/18 08:47:49
1118	1	41	          	0	1	2015/03/18 08:47:53
1119	1	49	          	0	1	2015/03/18 08:47:56
1120	1	10	          	0	1	2015/03/18 08:47:59
1121	1	37	          	0	1	2015/03/18 08:48:02
1122	1	16	          	0	1	2015/03/18 08:48:56
1123	1	43	          	0	1	2015/03/18 08:49:32
1124	1	7	          	0	1	2015/03/18 08:49:59
1125	1	24	          	0	1	2015/03/18 08:53:19
1126	1	18	          	0	1	2015/03/18 08:54:13
1127	1	51	          	0	1	2015/03/18 08:54:46
1128	1	11	          	0	1	2015/03/18 08:55:12
1129	1	5	          	0	1	2015/03/18 08:55:15
1130	1	3	          	0	1	2015/03/18 08:57:10
1131	1	3	          	0	1	2015/03/18 08:57:11
1132	1	26	          	0	1	2015/03/18 12:23:24
1133	1	49	          	0	1	2015/03/18 15:30:18
1134	1	39	√œ—ﬁ»Ÿ    	0	1	2015/03/18 17:30:03
1135	1	21	          	0	1	2015/03/18 17:30:07
1136	1	51	          	0	1	2015/03/18 17:30:23
1137	1	17	          	0	1	2015/03/18 17:30:56
1138	1	55	          	0	1	2015/03/18 17:31:06
1139	1	47	          	0	1	2015/03/18 17:31:16
1140	1	52	          	0	1	2015/03/18 17:31:26
1141	1	27	          	0	1	2015/03/18 17:31:36
1142	1	19	          	0	1	2015/03/18 17:31:45
1143	1	44	          	0	1	2015/03/18 17:31:51
1144	1	15	          	0	1	2015/03/18 17:31:52
1145	1	20	          	0	1	2015/03/18 17:31:55
1146	1	22	          	0	1	2015/03/18 17:32:00
1147	1	7	          	0	1	2015/03/18 17:32:08
1148	1	36	          	0	1	2015/03/18 17:32:53
1149	1	10	          	0	1	2015/03/18 17:32:58
1150	1	48	          	0	1	2015/03/18 17:33:01
1151	1	16	          	0	1	2015/03/18 17:33:43
1152	1	32	          	0	1	2015/03/18 17:33:48
1153	1	12	          	0	1	2015/03/18 17:34:31
1154	1	32	          	0	1	2015/03/18 17:34:37
1155	1	40	          	0	1	2015/03/18 17:34:40
1156	1	53	          	0	1	2015/03/18 17:34:47
1157	1	50	          	0	1	2015/03/18 17:34:54
1158	1	13	          	0	1	2015/03/18 17:34:57
1159	1	37	          	0	1	2015/03/18 17:35:05
1160	1	41	          	0	1	2015/03/18 17:36:03
1161	1	43	          	0	1	2015/03/18 17:36:41
1162	1	54	          	0	1	2015/03/18 17:38:17
1163	1	28	          	0	1	2015/03/18 17:39:04
1164	1	33	          	0	1	2015/03/18 17:44:28
1165	1	6	          	0	1	2015/03/18 17:44:44
1166	1	18	          	0	1	2015/03/18 17:44:49
1167	1	11	          	0	1	2015/03/18 17:45:21
1168	1	3	          	0	1	2015/03/18 17:57:20
1169	1	3	          	0	1	2015/03/18 17:57:21
1170	1	38	          	0	1	2015/03/18 18:05:50
1171	1	24	          	0	1	2015/03/18 18:05:58
1172	1	30	          	0	1	2015/03/18 18:09:30
1173	1	30	          	0	1	2015/03/18 18:24:47
1174	1	4	          	0	1	2015/03/18 19:14:43
1175	1	46	          	0	1	2015/03/18 19:37:50
1176	1	53	          	0	1	2015/03/19 08:05:32
1177	1	19	          	0	1	2015/03/19 08:21:54
1178	1	55	          	0	1	2015/03/19 08:23:15
1179	1	42	          	0	1	2015/03/19 08:23:53
1180	1	21	          	0	1	2015/03/19 08:24:53
1181	1	21	          	0	1	2015/03/19 08:24:54
1182	1	33	          	0	1	2015/03/19 08:27:43
1183	1	46	          	0	1	2015/03/19 08:28:56
1184	1	46	          	0	1	2015/03/19 08:28:57
1185	1	31	          	0	1	2015/03/19 08:29:38
1186	1	9	          	0	1	2015/03/19 08:30:37
1187	1	50	          	0	1	2015/03/19 08:32:08
1188	1	41	          	0	1	2015/03/19 08:33:48
1189	1	36	          	0	1	2015/03/19 08:35:30
1190	1	5	          	0	1	2015/03/19 08:38:05
1191	1	20	          	0	1	2015/03/19 08:38:44
1192	1	27	          	0	1	2015/03/19 08:38:53
1193	1	26	          	0	1	2015/03/19 08:39:38
1194	1	22	          	0	1	2015/03/19 08:39:43
1195	1	38	          	0	1	2015/03/19 08:39:56
1196	1	37	          	0	1	2015/03/19 08:40:49
1197	1	37	          	0	1	2015/03/19 08:40:50
1198	1	10	          	0	1	2015/03/19 08:41:17
1199	1	28	          	0	1	2015/03/19 08:41:50
1200	1	13	          	0	1	2015/03/19 08:41:57
1201	1	49	          	0	1	2015/03/19 08:42:00
1202	1	47	          	0	1	2015/03/19 08:42:02
1203	1	32	          	0	1	2015/03/19 08:42:14
1204	1	52	          	0	1	2015/03/19 08:42:18
1205	1	54	          	0	1	2015/03/19 08:42:41
1206	1	30	          	0	1	2015/03/19 08:43:12
1207	1	30	          	0	1	2015/03/19 08:43:13
1208	1	44	          	0	1	2015/03/19 08:44:07
1209	1	15	          	0	1	2015/03/19 08:44:13
1210	1	32	          	0	1	2015/03/19 08:45:13
1211	1	39	√œ—ﬁ»Ÿ    	0	1	2015/03/19 08:46:40
1212	1	17	          	0	1	2015/03/19 08:47:57
1213	1	48	          	0	1	2015/03/19 08:48:36
1214	1	51	          	0	1	2015/03/19 08:49:04
1215	1	51	          	0	1	2015/03/19 08:49:05
1216	1	4	          	0	1	2015/03/19 08:49:28
1217	1	43	          	0	1	2015/03/19 08:50:36
1218	1	7	          	0	1	2015/03/19 08:52:08
1219	1	16	          	0	1	2015/03/19 08:52:42
1220	1	6	          	0	1	2015/03/19 08:52:56
1221	1	24	          	0	1	2015/03/19 08:53:07
1222	1	3	          	0	1	2015/03/19 08:53:13
1223	1	18	          	0	1	2015/03/19 08:53:51
1224	1	12	          	0	1	2015/03/19 08:54:45
1225	1	11	          	0	1	2015/03/19 08:55:57
1226	1	40	          	0	1	2015/03/19 10:26:12
1227	1	17	          	0	1	2015/03/19 17:30:02
1228	1	39	√œ—ﬁ»Ÿ    	0	1	2015/03/19 17:30:16
1229	1	21	          	0	1	2015/03/19 17:30:29
1230	1	27	          	0	1	2015/03/19 17:30:33
1231	1	42	          	0	1	2015/03/19 17:30:37
1232	1	15	          	0	1	2015/03/19 17:30:53
1233	1	51	          	0	1	2015/03/19 17:30:59
1234	1	10	          	0	1	2015/03/19 17:31:47
1235	1	40	          	0	1	2015/03/19 17:32:56
1236	1	9	          	0	1	2015/03/19 17:33:01
1237	1	53	          	0	1	2015/03/19 17:33:25
1238	1	50	          	0	1	2015/03/19 17:34:07
1239	1	12	          	0	1	2015/03/19 17:34:31
1240	1	6	          	0	1	2015/03/19 17:35:35
1241	1	11	          	0	1	2015/03/19 17:37:12
1242	1	32	          	0	1	2015/03/19 17:38:19
1243	1	52	          	0	1	2015/03/19 17:38:35
1244	1	32	          	0	1	2015/03/19 17:38:57
1245	1	54	          	0	1	2015/03/19 17:39:32
1246	1	37	          	0	1	2015/03/19 17:39:43
1247	1	26	          	0	1	2015/03/19 17:39:53
1248	1	49	          	0	1	2015/03/19 17:40:35
1249	1	41	          	0	1	2015/03/19 17:41:08
1250	1	36	          	0	1	2015/03/19 17:43:26
1251	1	36	          	0	1	2015/03/19 17:43:27
1252	1	46	          	0	1	2015/03/19 17:44:24
1253	1	46	          	0	1	2015/03/19 17:44:25
1254	1	16	          	0	1	2015/03/19 17:44:56
1255	1	4	          	0	1	2015/03/19 17:50:12
1256	1	55	          	0	1	2015/03/19 17:51:35
1257	1	44	          	0	1	2015/03/19 17:55:34
1258	1	22	          	0	1	2015/03/19 17:57:10
1259	1	19	          	0	1	2015/03/19 17:57:14
1260	1	31	          	0	1	2015/03/19 17:57:18
1261	1	44	          	0	1	2015/03/19 17:57:30
1262	1	7	          	0	1	2015/03/19 17:59:16
1263	1	48	          	0	1	2015/03/19 17:59:21
1264	1	43	          	0	1	2015/03/19 18:09:14
1265	1	47	          	0	1	2015/03/19 19:12:13
1266	1	18	          	0	1	2015/03/19 19:12:58
1267	1	33	          	0	1	2015/03/19 19:40:50
1268	1	30	          	0	1	2015/03/19 19:46:56
1269	1	38	          	0	1	2015/03/19 20:05:03
1270	1	13	          	0	1	2015/03/19 21:05:46
1271	1	28	          	0	1	2015/03/19 21:11:17
1272	1	3	          	0	1	2015/03/19 21:37:18
1273	1	20	          	0	1	2015/03/19 21:38:42
1274	1	5	          	0	1	2015/03/20 01:01:34
1275	1	33	          	0	1	2015/03/20 07:58:22
1276	1	5	          	0	1	2015/03/20 08:10:42
1277	1	26	          	0	1	2015/03/20 08:17:18
1278	1	21	          	0	1	2015/03/20 08:18:57
1279	1	19	          	0	1	2015/03/20 08:22:03
1280	1	20	          	0	1	2015/03/20 08:24:13
1281	1	15	          	0	1	2015/03/20 08:25:26
1282	1	53	          	0	1	2015/03/20 08:27:11
1283	1	50	          	0	1	2015/03/20 08:27:19
1284	1	55	          	0	1	2015/03/20 08:27:23
1285	1	31	          	0	1	2015/03/20 08:29:48
1286	1	30	          	0	1	2015/03/20 08:30:19
1287	1	9	          	0	1	2015/03/20 08:30:24
1288	1	6	          	0	1	2015/03/20 08:34:38
1289	1	52	          	0	1	2015/03/20 08:37:50
1290	1	28	          	0	1	2015/03/20 08:37:54
1291	1	32	          	0	1	2015/03/20 08:37:58
1292	1	36	          	0	1	2015/03/20 08:42:39
1293	1	39	√œ—ﬁ»Ÿ    	0	1	2015/03/20 08:42:44
1294	1	37	          	0	1	2015/03/20 08:42:58
1295	1	37	          	0	1	2015/03/20 08:42:59
1296	1	10	          	0	1	2015/03/20 08:43:02
1297	1	54	          	0	1	2015/03/20 08:43:25
1298	1	54	          	0	1	2015/03/20 08:43:26
1299	1	38	          	0	1	2015/03/20 08:44:08
1300	1	44	          	0	1	2015/03/20 08:44:51
1301	1	40	          	0	1	2015/03/20 08:46:59
1302	1	46	          	0	1	2015/03/20 08:47:26
1303	1	22	          	0	1	2015/03/20 08:48:26
1304	1	4	          	0	1	2015/03/20 08:48:29
1305	1	13	          	0	1	2015/03/20 08:48:34
1306	1	47	          	0	1	2015/03/20 08:48:45
1307	1	49	          	0	1	2015/03/20 08:48:49
1308	1	17	          	0	1	2015/03/20 08:49:08
1309	1	48	          	0	1	2015/03/20 08:49:33
1310	1	3	          	0	1	2015/03/20 08:49:39
1311	1	51	          	0	1	2015/03/20 08:50:32
1312	1	43	          	0	1	2015/03/20 08:50:53
1313	1	41	          	0	1	2015/03/20 08:52:49
1314	1	18	          	0	1	2015/03/20 08:53:07
1315	1	7	          	0	1	2015/03/20 08:53:28
1316	1	16	          	0	1	2015/03/20 08:54:31
1317	1	11	          	0	1	2015/03/20 08:54:57
1318	1	24	          	0	2	2015/03/20 08:58:36
1319	1	12	          	0	1	2015/03/20 08:59:25
1320	1	15	          	0	1	2015/03/20 17:28:05
1321	1	33	          	0	1	2015/03/20 17:28:19
1322	1	39	√œ—ﬁ»Ÿ    	0	1	2015/03/20 17:30:02
1323	1	15	          	0	1	2015/03/20 17:30:06
1324	1	15	          	0	1	2015/03/20 17:30:10
1325	1	11	          	0	1	2015/03/20 17:30:16
1326	1	15	          	0	1	2015/03/20 17:30:22
1327	1	37	          	0	1	2015/03/20 17:31:16
1328	1	37	          	0	1	2015/03/20 17:31:17
1329	1	46	          	0	1	2015/03/20 17:31:24
1330	1	17	          	0	1	2015/03/20 17:31:33
1331	1	33	          	0	1	2015/03/20 17:32:51
1332	1	51	          	0	1	2015/03/20 17:32:57
1333	1	49	          	0	1	2015/03/20 17:33:08
1334	1	10	          	0	1	2015/03/20 17:33:11
1335	1	31	          	0	1	2015/03/20 17:33:22
1336	1	26	          	0	1	2015/03/20 17:33:28
1337	1	36	          	0	1	2015/03/20 17:33:37
1338	1	36	          	0	1	2015/03/20 17:33:38
1339	1	41	          	0	1	2015/03/20 17:34:38
1340	1	55	          	0	1	2015/03/20 17:34:55
1341	1	19	          	0	1	2015/03/20 17:35:44
1342	1	7	          	0	1	2015/03/20 17:36:27
1343	1	44	          	0	1	2015/03/20 17:36:31
1344	1	19	          	0	1	2015/03/20 17:36:33
1345	1	22	          	0	1	2015/03/20 17:36:38
1346	1	54	          	0	1	2015/03/20 17:36:43
1347	1	54	          	0	1	2015/03/20 17:36:45
1348	1	50	          	0	1	2015/03/20 17:36:49
1349	1	18	          	0	1	2015/03/20 17:37:13
1350	1	53	          	0	1	2015/03/20 17:38:22
1351	1	48	          	0	1	2015/03/20 17:38:37
1352	1	52	          	0	1	2015/03/20 17:39:12
1353	1	9	          	0	1	2015/03/20 17:43:59
1354	1	13	          	0	1	2015/03/20 17:51:04
1355	1	49	          	0	1	2015/03/20 17:51:37
1356	1	12	          	0	1	2015/03/20 17:53:00
1357	1	20	          	0	1	2015/03/20 17:59:01
1358	1	43	          	0	1	2015/03/20 18:02:07
1359	1	4	          	0	1	2015/03/20 18:03:17
1360	1	28	          	0	1	2015/03/20 18:03:27
1361	1	6	          	0	1	2015/03/20 18:03:52
1362	1	30	          	0	1	2015/03/20 18:09:11
1363	1	32	          	0	1	2015/03/20 18:23:37
1364	1	21	          	0	1	2015/03/20 18:31:12
1365	1	16	          	0	1	2015/03/20 18:31:15
1366	1	47	          	0	1	2015/03/20 18:32:52
1367	1	42	          	0	1	2015/03/20 18:42:02
1368	1	42	          	0	1	2015/03/20 18:42:03
1369	1	24	          	0	2	2015/03/20 20:20:03
1370	1	3	          	0	1	2015/03/20 20:20:54
1371	1	3	          	0	1	2015/03/20 20:20:56
1372	1	38	          	0	1	2015/03/20 20:21:06
1373	1	5	          	0	1	2015/03/20 23:00:23
1374	1	31	          	0	1	2015/03/21 07:46:30
1375	1	55	          	0	1	2015/03/21 07:52:14
1376	1	35	          	0	2	2015/03/21 08:08:48
1377	1	3	          	0	1	2015/03/21 08:12:08
1378	1	48	          	0	1	2015/03/21 08:15:14
1379	1	21	          	0	1	2015/03/21 08:18:13
1380	1	21	          	0	1	2015/03/21 08:18:14
1381	1	16	          	0	1	2015/03/21 08:18:18
1382	1	37	          	0	1	2015/03/21 08:21:01
1383	1	37	          	0	1	2015/03/21 08:21:03
1384	1	47	          	0	1	2015/03/21 08:21:06
1385	1	38	          	0	1	2015/03/21 08:21:29
1386	1	33	          	0	1	2015/03/21 08:22:53
1387	1	34	          	0	1	2015/03/21 08:23:52
1388	1	34	          	0	1	2015/03/21 08:23:54
1389	1	19	          	0	1	2015/03/21 08:24:46
1390	1	5	          	0	1	2015/03/21 08:26:52
1391	1	44	          	0	1	2015/03/21 08:27:43
1392	1	50	          	0	1	2015/03/21 08:28:20
1393	1	18	          	0	1	2015/03/21 08:28:49
1394	1	53	          	0	1	2015/03/21 08:33:09
1395	1	39	√œ—ﬁ»Ÿ    	0	1	2015/03/21 08:39:32
1396	1	6	          	0	1	2015/03/21 08:39:47
1397	1	22	          	0	1	2015/03/21 08:40:45
1398	1	22	          	0	1	2015/03/21 08:40:46
1399	1	12	          	0	1	2015/03/21 08:41:37
1400	1	42	          	0	1	2015/03/21 08:41:46
1401	1	10	          	0	1	2015/03/21 08:42:15
1402	1	15	          	0	1	2015/03/21 08:44:21
1403	1	45	          	0	1	2015/03/21 08:44:55
1404	1	24	          	0	2	2015/03/21 08:47:38
1405	1	52	          	0	1	2015/03/21 08:47:58
1406	1	49	          	0	1	2015/03/21 08:48:14
1407	1	28	          	0	1	2015/03/21 08:48:28
1408	1	13	          	0	1	2015/03/21 08:49:33
1409	1	43	          	0	1	2015/03/21 08:49:39
1410	1	30	          	0	1	2015/03/21 08:50:07
1411	1	7	          	0	1	2015/03/21 08:51:26
1412	1	8	          	0	1	2015/03/21 08:56:33
1413	1	46	          	0	1	2015/03/21 08:56:47
1414	1	46	          	0	1	2015/03/21 08:56:48
1415	1	20	          	0	1	2015/03/21 09:05:29
1416	1	15	          	0	1	2015/03/21 15:20:42
1417	1	46	          	0	1	2015/03/21 15:21:42
1418	1	21	          	0	1	2015/03/21 15:22:45
1419	1	21	          	0	1	2015/03/21 15:22:46
1420	1	50	          	0	1	2015/03/21 15:24:04
1421	1	53	          	0	1	2015/03/21 15:25:46
1422	1	8	          	0	1	2015/03/21 15:27:11
1423	1	8	          	0	1	2015/03/21 15:27:12
1424	1	45	          	0	1	2015/03/21 15:27:16
1425	1	39	√œ—ﬁ»Ÿ    	0	1	2015/03/21 15:33:26
1426	1	49	          	0	1	2015/03/21 15:37:22
1427	1	34	          	0	1	2015/03/21 15:39:32
1428	1	10	          	0	1	2015/03/21 15:40:04
1429	1	35	          	0	2	2015/03/21 15:40:11
1430	1	52	          	0	1	2015/03/21 16:12:37
1431	1	48	          	0	1	2015/03/21 16:13:03
1432	1	55	          	0	1	2015/03/21 16:13:41
1433	1	31	          	0	1	2015/03/21 16:16:33
1434	1	7	          	0	1	2015/03/21 16:17:40
1435	1	20	          	0	1	2015/03/21 16:17:45
1436	1	18	          	0	1	2015/03/21 16:17:56
1437	1	33	          	0	1	2015/03/21 16:23:29
1438	1	44	          	0	1	2015/03/21 16:27:26
1439	1	37	          	0	1	2015/03/21 16:28:17
1440	1	37	          	0	1	2015/03/21 16:28:18
1441	1	24	          	0	2	2015/03/21 16:28:51
1442	1	19	          	0	1	2015/03/21 16:31:18
1443	1	28	          	0	1	2015/03/21 16:31:32
1444	1	30	          	0	1	2015/03/21 16:34:31
1445	1	16	          	0	1	2015/03/21 16:44:32
1446	1	42	          	0	1	2015/03/21 16:44:34
1447	1	38	          	0	1	2015/03/21 16:55:24
1448	1	22	          	0	1	2015/03/21 17:16:23
1449	1	43	          	0	1	2015/03/21 17:17:29
1450	1	3	          	0	1	2015/03/21 17:19:36
1451	1	47	          	0	1	2015/03/21 17:20:20
1452	1	6	          	0	1	2015/03/21 18:17:05
1453	1	12	          	0	1	2015/03/21 18:17:09
1454	1	13	          	0	1	2015/03/21 20:03:06
1455	1	5	          	0	1	2015/03/21 20:42:23
1456	1	9	          	0	1	2015/03/22 08:00:25
1457	1	26	          	0	1	2015/03/22 08:26:05
1458	1	36	          	0	1	2015/03/22 08:30:51
1459	1	36	          	0	1	2015/03/22 08:30:53
1460	1	5	          	0	1	2015/03/22 09:14:10
1461	1	9	          	0	1	2015/03/22 12:32:51
1462	1	26	          	0	1	2015/03/22 14:36:26
1463	1	36	          	0	1	2015/03/22 18:08:05
1464	1	36	          	0	1	2015/03/22 18:08:06
1465	1	22	          	0	1	2015/03/23 07:24:51
1466	1	39	√œ—ﬁ»Ÿ    	0	1	2015/03/23 07:31:38
1467	1	44	          	0	1	2015/03/23 07:31:48
1468	1	9	          	0	1	2015/03/23 07:43:53
1469	1	17	          	0	1	2015/03/23 07:44:53
1470	1	3	          	0	1	2015/03/23 07:49:33
1471	1	48	          	0	1	2015/03/23 07:49:36
1472	1	52	          	0	1	2015/03/23 07:50:22
1473	1	52	          	0	1	2015/03/23 07:55:06
1474	1	37	          	0	1	2015/03/23 07:55:30
1475	1	7	          	0	1	2015/03/23 07:55:46
1476	1	55	          	0	1	2015/03/23 07:55:52
1477	1	19	          	0	1	2015/03/23 07:57:45
1478	1	19	          	0	1	2015/03/23 07:57:46
1479	1	38	          	0	1	2015/03/23 07:59:27
1480	1	24	          	0	2	2015/03/23 08:02:22
1481	1	18	          	0	1	2015/03/23 08:03:31
1482	1	30	          	0	1	2015/03/23 08:04:14
1483	1	30	          	0	1	2015/03/23 08:04:15
1484	1	53	          	0	1	2015/03/23 08:05:27
1485	1	21	          	0	1	2015/03/23 08:05:45
1486	1	21	          	0	1	2015/03/23 08:05:46
1487	1	42	          	0	1	2015/03/23 08:13:07
1488	1	26	          	0	1	2015/03/23 08:20:40
1489	1	32	          	0	1	2015/03/23 08:22:30
1490	1	32	          	0	1	2015/03/23 08:23:22
1491	1	12	          	0	1	2015/03/23 08:23:29
1492	1	15	          	0	1	2015/03/23 08:26:59
1493	1	50	          	0	1	2015/03/23 08:29:25
1494	1	5	          	0	1	2015/03/23 08:32:01
1495	1	33	          	0	1	2015/03/23 08:33:52
1496	1	46	          	0	1	2015/03/23 08:34:43
1497	1	32	          	0	1	2015/03/23 08:35:24
1498	1	31	          	0	1	2015/03/23 08:38:16
1499	1	41	          	0	1	2015/03/23 08:39:21
1500	1	49	          	0	1	2015/03/23 08:39:26
1501	1	13	          	0	1	2015/03/23 08:40:33
1502	1	10	          	0	1	2015/03/23 08:40:49
1503	1	20	          	0	1	2015/03/23 08:41:18
1504	1	43	          	0	1	2015/03/23 08:45:32
1505	1	43	          	0	1	2015/03/23 08:45:38
1506	1	6	          	0	1	2015/03/23 08:46:08
1507	1	16	          	0	1	2015/03/23 08:48:30
1508	1	28	          	0	1	2015/03/23 08:49:03
1509	1	51	          	0	1	2015/03/23 08:50:14
1510	1	51	          	0	1	2015/03/23 08:50:15
1511	1	4	          	0	1	2015/03/23 08:50:17
1512	1	54	          	0	1	2015/03/23 08:52:14
1513	1	11	          	0	1	2015/03/23 08:52:52
1514	1	31	          	0	1	2015/03/23 14:51:38
1515	1	39	√œ—ﬁ»Ÿ    	0	1	2015/03/23 16:47:34
1516	1	56	          	0	1	2015/03/23 16:47:38
1517	1	36	          	0	1	2015/03/23 17:31:00
1518	1	26	          	0	1	2015/03/23 17:31:05
1519	1	20	          	0	1	2015/03/23 17:31:08
1520	1	17	          	0	1	2015/03/23 17:31:17
1521	1	5	          	0	1	2015/03/23 17:31:29
1522	1	19	          	0	1	2015/03/23 17:33:34
1523	1	44	          	0	1	2015/03/23 17:33:44
1524	1	22	          	0	1	2015/03/23 17:33:48
1525	1	22	          	0	1	2015/03/23 17:33:49
1526	1	53	          	0	1	2015/03/23 17:34:56
1527	1	37	          	0	1	2015/03/23 17:36:01
1528	1	55	          	0	1	2015/03/23 17:36:09
1529	1	10	          	0	1	2015/03/23 17:36:23
1530	1	48	          	0	1	2015/03/23 17:36:29
1531	1	7	          	0	1	2015/03/23 17:36:52
1532	1	38	          	0	1	2015/03/23 17:37:17
1533	1	51	          	0	1	2015/03/23 17:37:28
1534	1	51	          	0	1	2015/03/23 17:37:29
1535	1	24	          	0	2	2015/03/23 17:37:39
1536	1	16	          	0	1	2015/03/23 17:37:43
1537	1	50	          	0	1	2015/03/23 17:38:28
1538	1	15	          	0	1	2015/03/23 17:38:35
1539	1	54	          	0	1	2015/03/23 17:39:09
1540	1	54	          	0	1	2015/03/23 17:39:10
1541	1	18	          	0	1	2015/03/23 17:39:32
1542	1	21	          	0	1	2015/03/23 17:40:02
1543	1	21	          	0	1	2015/03/23 17:40:03
1544	1	12	          	0	1	2015/03/23 17:40:25
1545	1	13	          	0	1	2015/03/23 17:40:40
1546	1	33	          	0	1	2015/03/23 17:41:29
1547	1	49	          	0	1	2015/03/23 17:41:34
1548	1	9	          	0	1	2015/03/23 17:41:55
1549	1	28	          	0	1	2015/03/23 17:42:09
1550	1	41	          	0	1	2015/03/23 17:42:31
1551	1	46	          	0	1	2015/03/23 17:44:35
1552	1	42	          	0	1	2015/03/23 17:46:50
1553	1	32	          	0	1	2015/03/23 17:50:56
1554	1	52	          	0	1	2015/03/23 17:51:04
1555	1	30	          	0	1	2015/03/23 17:51:15
1556	1	30	          	0	1	2015/03/23 17:51:16
1557	1	43	          	0	1	2015/03/23 18:03:19
1558	1	11	          	0	1	2015/03/23 20:29:12
1559	1	29	          	0	1	2015/03/23 20:32:39
1560	1	4	          	0	1	2015/03/23 21:27:31
1561	1	21	          	0	1	2015/03/24 08:16:08
1562	1	21	          	0	1	2015/03/24 08:16:09
1563	1	53	          	0	1	2015/03/24 08:16:24
1564	1	17	          	0	1	2015/03/24 08:23:32
1565	1	50	          	0	1	2015/03/24 08:26:03
1566	1	55	          	0	1	2015/03/24 08:26:10
1567	1	39	√œ—ﬁ»Ÿ    	0	1	2015/03/24 08:27:35
1568	1	56	          	0	1	2015/03/24 08:27:39
1569	1	26	          	0	1	2015/03/24 08:32:05
1570	1	9	          	0	1	2015/03/24 08:35:50
1571	1	20	          	0	1	2015/03/24 08:36:56
1572	1	20	          	0	1	2015/03/24 08:37:59
1573	1	1	          	0	1	2015/03/24 08:38:33
1574	1	42	          	0	1	2015/03/24 08:39:25
1575	1	42	          	0	1	2015/03/24 08:39:26
1576	1	13	          	0	1	2015/03/24 08:39:48
1577	1	30	          	0	1	2015/03/24 08:40:28
1578	1	30	          	0	1	2015/03/24 08:40:29
1579	1	49	          	0	1	2015/03/24 08:40:37
1580	1	15	          	0	1	2015/03/24 08:40:44
1581	1	52	          	0	1	2015/03/24 08:40:52
1582	1	41	          	0	1	2015/03/24 08:40:55
1583	1	32	          	0	1	2015/03/24 08:41:00
1584	1	6	          	0	1	2015/03/24 08:41:03
1585	1	11	          	0	1	2015/03/24 08:42:36
1586	1	36	          	0	1	2015/03/24 08:42:40
1587	1	33	          	0	1	2015/03/24 08:43:12
1588	1	36	          	0	1	2015/03/24 08:43:49
1589	1	32	          	0	1	2015/03/24 08:45:45
1590	1	5	          	0	1	2015/03/24 08:46:16
1591	1	37	          	0	1	2015/03/24 08:48:04
1592	1	10	          	0	1	2015/03/24 08:48:08
1593	1	16	          	0	1	2015/03/24 08:48:12
1594	1	38	          	0	1	2015/03/24 08:48:16
1595	1	44	          	0	1	2015/03/24 08:49:08
1596	1	29	          	0	1	2015/03/24 08:49:31
1597	1	51	          	0	1	2015/03/24 08:50:04
1598	1	43	          	0	1	2015/03/24 08:50:42
1599	1	31	          	0	1	2015/03/24 08:51:38
1600	1	28	          	0	1	2015/03/24 08:52:42
1601	1	24	          	0	2	2015/03/24 08:52:54
1602	1	4	          	0	1	2015/03/24 08:53:03
1603	1	22	          	0	1	2015/03/24 08:53:06
1604	1	46	          	0	1	2015/03/24 08:53:09
1605	1	3	          	0	1	2015/03/24 08:53:49
1606	1	54	          	0	1	2015/03/24 08:54:24
1607	1	54	          	0	1	2015/03/24 08:54:25
1608	1	19	          	0	1	2015/03/24 08:54:53
1609	1	48	          	0	1	2015/03/24 08:55:27
1610	1	8	          	0	1	2015/03/24 08:55:29
1611	1	8	          	0	1	2015/03/24 08:55:30
1612	1	7	          	0	1	2015/03/24 08:55:35
1613	1	18	          	0	1	2015/03/24 08:56:36
1614	1	12	          	0	1	2015/03/24 12:42:45
1615	1	17	          	0	1	2015/03/24 16:06:43
1616	1	39	√œ—ﬁ»Ÿ    	0	1	2015/03/24 17:30:15
1617	1	56	          	0	1	2015/03/24 17:30:37
1618	1	36	          	0	1	2015/03/24 17:31:00
1619	1	21	          	0	1	2015/03/24 17:31:19
1620	1	8	          	0	1	2015/03/24 17:31:42
1621	1	8	          	0	1	2015/03/24 17:31:43
1622	1	51	          	0	1	2015/03/24 17:32:22
1623	1	51	          	0	1	2015/03/24 17:32:23
1624	1	6	          	0	1	2015/03/24 17:32:35
1625	1	26	          	0	1	2015/03/24 17:32:50
1626	1	44	          	0	1	2015/03/24 17:33:00
1627	1	19	          	0	1	2015/03/24 17:33:14
1628	1	22	          	0	1	2015/03/24 17:33:18
1629	1	10	          	0	1	2015/03/24 17:33:23
1630	1	53	          	0	1	2015/03/24 17:33:51
1631	1	12	          	0	1	2015/03/24 17:34:03
1632	1	49	          	0	1	2015/03/24 17:34:18
1633	1	55	          	0	1	2015/03/24 17:34:38
1634	1	38	          	0	1	2015/03/24 17:34:42
1635	1	13	          	0	1	2015/03/24 17:34:59
1636	1	20	          	0	1	2015/03/24 17:35:23
1637	1	32	          	0	1	2015/03/24 17:35:27
1638	1	54	          	0	1	2015/03/24 17:35:30
1639	1	54	          	0	1	2015/03/24 17:35:31
1640	1	7	          	0	1	2015/03/24 17:35:42
1641	1	46	          	0	1	2015/03/24 17:35:53
1642	1	33	          	0	1	2015/03/24 17:36:02
1643	1	50	          	0	1	2015/03/24 17:36:15
1644	1	37	          	0	1	2015/03/24 17:36:31
1645	1	37	          	0	1	2015/03/24 17:36:32
1646	1	41	          	0	1	2015/03/24 17:36:35
1647	1	32	          	0	1	2015/03/24 17:37:12
1648	1	31	          	0	1	2015/03/24 17:37:37
1649	1	15	          	0	1	2015/03/24 17:37:54
1650	1	42	          	0	1	2015/03/24 17:39:31
1651	1	48	          	0	1	2015/03/24 17:40:31
1652	1	28	          	0	1	2015/03/24 17:41:06
1653	1	9	          	0	1	2015/03/24 17:41:10
1654	1	52	          	0	1	2015/03/24 17:42:18
1655	1	1	          	0	1	2015/03/24 17:46:09
1656	1	3	          	0	1	2015/03/24 17:46:14
1657	1	11	          	0	1	2015/03/24 17:48:52
1658	1	30	          	0	1	2015/03/24 17:50:17
1659	1	18	          	0	1	2015/03/24 17:54:18
1660	1	24	          	0	2	2015/03/24 17:56:00
1661	1	16	          	0	1	2015/03/24 18:34:39
1662	1	43	          	0	1	2015/03/24 19:01:35
1663	1	4	          	0	1	2015/03/24 19:02:16
1664	1	5	          	0	1	2015/03/24 21:05:19
1665	1	33	          	0	1	2015/03/25 07:57:14
1666	1	56	          	0	1	2015/03/25 08:13:24
1667	1	21	          	0	1	2015/03/25 08:18:44
1668	1	53	          	0	1	2015/03/25 08:21:18
1669	1	1	          	0	1	2015/03/25 08:25:31
1670	1	6	          	0	1	2015/03/25 08:30:02
1671	1	19	          	0	1	2015/03/25 08:31:57
1672	1	55	          	0	1	2015/03/25 08:32:57
1673	1	9	          	0	1	2015/03/25 08:33:34
1674	1	36	          	0	1	2015/03/25 08:35:14
1675	1	31	          	0	1	2015/03/25 08:37:09
1676	1	20	          	0	1	2015/03/25 08:37:11
1677	1	26	          	0	1	2015/03/25 08:39:59
1678	1	44	          	0	1	2015/03/25 08:40:47
1679	1	5	          	0	1	2015/03/25 08:40:54
1680	1	41	          	0	1	2015/03/25 08:41:15
1681	1	49	          	0	1	2015/03/25 08:41:21
1682	1	13	          	0	1	2015/03/25 08:41:30
1683	1	42	          	0	1	2015/03/25 08:42:03
1684	1	38	          	0	1	2015/03/25 08:42:31
1685	1	41	          	0	1	2015/03/25 08:42:45
1686	1	37	          	0	1	2015/03/25 08:42:55
1687	1	37	          	0	1	2015/03/25 08:42:56
1688	1	10	          	0	1	2015/03/25 08:42:59
1689	1	30	          	0	1	2015/03/25 08:43:27
1690	1	17	          	0	1	2015/03/25 08:43:59
1691	1	50	          	0	1	2015/03/25 08:45:29
1692	1	15	          	0	1	2015/03/25 08:45:32
1693	1	32	          	0	1	2015/03/25 08:46:12
1694	1	52	          	0	1	2015/03/25 08:46:18
1695	1	32	          	0	1	2015/03/25 08:47:51
1696	1	28	          	0	1	2015/03/25 08:48:24
1697	1	8	          	0	1	2015/03/25 08:48:44
1698	1	8	          	0	1	2015/03/25 08:48:45
1699	1	51	          	0	1	2015/03/25 08:48:48
1700	1	7	          	0	1	2015/03/25 08:50:12
1701	1	43	          	0	1	2015/03/25 08:51:20
1702	1	22	          	0	1	2015/03/25 08:51:25
1703	1	48	          	0	1	2015/03/25 08:51:42
1704	1	54	          	0	1	2015/03/25 08:51:53
1705	1	54	          	0	1	2015/03/25 08:51:54
1706	1	46	          	0	1	2015/03/25 08:52:03
1707	1	4	          	0	1	2015/03/25 08:52:36
1708	1	24	          	0	2	2015/03/25 08:52:45
1709	1	16	          	0	1	2015/03/25 08:55:03
1710	1	11	          	0	1	2015/03/25 08:55:17
1711	1	18	          	0	1	2015/03/25 08:55:33
1712	1	9	          	0	1	2015/03/25 08:57:41
1713	1	12	          	0	1	2015/03/25 09:06:31
1714	1	26	          	0	1	2015/03/25 12:10:15
1715	1	49	          	0	1	2015/03/25 15:02:19
1716	1	11	          	0	1	2015/03/25 16:38:46
1717	1	8	          	0	1	2015/03/25 17:30:51
1718	1	51	          	0	1	2015/03/25 17:30:56
1719	1	51	          	0	1	2015/03/25 17:30:58
1720	1	38	          	0	1	2015/03/25 17:31:25
1721	1	33	          	0	1	2015/03/25 17:31:44
1722	1	53	          	0	1	2015/03/25 17:31:55
1723	1	17	          	0	1	2015/03/25 17:32:01
1724	1	19	          	0	1	2015/03/25 17:32:06
1725	1	20	          	0	1	2015/03/25 17:32:29
1726	1	21	          	0	1	2015/03/25 17:32:32
1727	1	31	          	0	1	2015/03/25 17:32:35
1728	1	56	          	0	1	2015/03/25 17:32:40
1729	1	36	          	0	1	2015/03/25 17:32:55
1730	1	10	          	0	1	2015/03/25 17:33:14
1731	1	15	          	0	1	2015/03/25 17:33:29
1732	1	55	          	0	1	2015/03/25 17:34:30
1733	1	48	          	0	1	2015/03/25 17:35:35
1734	1	12	          	0	1	2015/03/25 17:35:53
1735	1	6	          	0	1	2015/03/25 17:35:56
1736	1	7	          	0	1	2015/03/25 17:36:27
1737	1	44	          	0	1	2015/03/25 17:36:29
1738	1	13	          	0	1	2015/03/25 17:36:32
1739	1	50	          	0	1	2015/03/25 17:36:35
1740	1	37	          	0	1	2015/03/25 17:36:40
1741	1	37	          	0	1	2015/03/25 17:36:41
1742	1	22	          	0	1	2015/03/25 17:36:45
1743	1	22	          	0	1	2015/03/25 17:36:46
1744	1	52	          	0	1	2015/03/25 17:40:00
1745	1	54	          	0	1	2015/03/25 17:40:05
1746	1	54	          	0	1	2015/03/25 17:40:07
1747	1	24	          	0	2	2015/03/25 17:41:38
1748	1	18	          	0	1	2015/03/25 17:41:52
1749	1	41	          	0	1	2015/03/25 17:42:08
1750	1	28	          	0	1	2015/03/25 17:44:07
1751	1	29	          	0	1	2015/03/25 17:45:38
1752	1	4	          	0	1	2015/03/25 17:51:00
1753	1	32	          	0	1	2015/03/25 17:51:19
1754	1	32	          	0	1	2015/03/25 17:52:05
1755	1	30	          	0	1	2015/03/25 18:04:46
1756	1	16	          	0	1	2015/03/25 18:04:58
1757	1	43	          	0	1	2015/03/25 18:26:11
1758	1	5	          	0	1	2015/03/25 18:40:08
1759	1	20	          	0	1	2015/03/26 07:44:59
1760	1	12	          	0	1	2015/03/26 08:07:40
1761	1	53	          	0	1	2015/03/26 08:08:09
1762	1	56	          	0	1	2015/03/26 08:10:00
1763	1	21	          	0	1	2015/03/26 08:14:23
1764	1	21	          	0	1	2015/03/26 08:14:24
1765	1	17	          	0	1	2015/03/26 08:17:37
1766	1	33	          	0	1	2015/03/26 08:20:56
1767	1	29	          	0	1	2015/03/26 08:31:44
1768	1	50	          	0	1	2015/03/26 08:33:35
1769	1	28	          	0	1	2015/03/26 08:34:49
1770	1	38	          	0	1	2015/03/26 08:34:52
1771	1	19	          	0	1	2015/03/26 08:35:37
1772	1	36	          	0	1	2015/03/26 08:35:47
1773	1	26	          	0	1	2015/03/26 08:35:57
1774	1	9	          	0	1	2015/03/26 08:36:01
1775	1	41	          	0	1	2015/03/26 08:40:27
1776	1	42	          	0	1	2015/03/26 08:41:18
1777	1	48	          	0	1	2015/03/26 08:42:31
1778	1	49	          	0	1	2015/03/26 08:43:15
1779	1	13	          	0	1	2015/03/26 08:43:17
1780	1	46	          	0	1	2015/03/26 08:43:22
1781	1	30	          	0	1	2015/03/26 08:44:08
1782	1	30	          	0	1	2015/03/26 08:44:09
1783	1	22	          	0	1	2015/03/26 08:45:03
1784	1	16	          	0	1	2015/03/26 08:45:35
1785	1	51	          	0	1	2015/03/26 08:45:41
1786	1	6	          	0	1	2015/03/26 08:46:13
1787	1	31	          	0	1	2015/03/26 08:46:20
1788	1	44	          	0	1	2015/03/26 08:47:26
1789	1	32	          	0	1	2015/03/26 08:47:34
1790	1	52	          	0	1	2015/03/26 08:48:00
1791	1	15	          	0	1	2015/03/26 08:48:02
1792	1	37	          	0	1	2015/03/26 08:48:10
1793	1	37	          	0	1	2015/03/26 08:48:11
1794	1	10	          	0	1	2015/03/26 08:48:14
1795	1	43	          	0	1	2015/03/26 08:49:38
1796	1	15	          	0	1	2015/03/26 08:50:11
1797	1	4	          	0	1	2015/03/26 08:50:29
1798	1	7	          	0	1	2015/03/26 08:50:51
1799	1	32	          	0	1	2015/03/26 08:51:28
1800	1	5	          	0	1	2015/03/26 08:51:32
1801	1	55	          	0	1	2015/03/26 08:51:41
1802	1	24	          	0	2	2015/03/26 08:51:46
1803	1	54	          	0	1	2015/03/26 08:51:50
1804	1	8	          	0	1	2015/03/26 08:51:54
1805	1	8	          	0	1	2015/03/26 08:51:55
1806	1	40	          	0	1	2015/03/26 08:52:56
1807	1	11	          	0	1	2015/03/26 08:53:35
1808	1	18	          	0	1	2015/03/26 08:53:40
1809	1	3	          	0	1	2015/03/26 08:57:20
1810	1	37	          	0	1	2015/03/26 17:28:35
1811	1	37	          	0	1	2015/03/26 17:28:36
1812	1	17	          	0	1	2015/03/26 17:30:05
1813	1	36	          	0	1	2015/03/26 17:30:52
1814	1	51	          	0	1	2015/03/26 17:31:14
1815	1	55	          	0	1	2015/03/26 17:31:21
1816	1	53	          	0	1	2015/03/26 17:33:24
1817	1	50	          	0	1	2015/03/26 17:33:27
1818	1	31	          	0	1	2015/03/26 17:33:30
1819	1	12	          	0	1	2015/03/26 17:33:42
1820	1	6	          	0	1	2015/03/26 17:33:47
1821	1	7	          	0	1	2015/03/26 17:34:16
1822	1	37	          	0	1	2015/03/26 17:34:27
1823	1	20	          	0	1	2015/03/26 17:34:33
1824	1	56	          	0	1	2015/03/26 17:34:45
1825	1	10	          	0	1	2015/03/26 17:34:58
1826	1	9	          	0	1	2015/03/26 17:35:07
1827	1	11	          	0	1	2015/03/26 17:35:22
1828	1	33	          	0	1	2015/03/26 17:35:56
1829	1	21	          	0	1	2015/03/26 17:35:59
1830	1	38	          	0	1	2015/03/26 17:36:55
1831	1	40	          	0	1	2015/03/26 17:37:10
1832	1	49	          	0	1	2015/03/26 17:37:14
1833	1	16	          	0	1	2015/03/26 17:37:19
1834	1	19	          	0	1	2015/03/26 17:37:27
1835	1	19	          	0	1	2015/03/26 17:37:30
1836	1	8	          	0	1	2015/03/26 17:37:32
1837	1	24	          	0	2	2015/03/26 17:37:43
1838	1	44	          	0	1	2015/03/26 17:37:55
1839	1	22	          	0	1	2015/03/26 17:38:00
1840	1	41	          	0	1	2015/03/26 17:38:10
1841	1	15	          	0	1	2015/03/26 17:39:16
1842	1	54	          	0	1	2015/03/26 17:39:38
1843	1	54	          	0	1	2015/03/26 17:39:39
1844	1	13	          	0	1	2015/03/26 17:40:03
1845	1	4	          	0	1	2015/03/26 17:42:05
1846	1	46	          	0	1	2015/03/26 17:42:10
1847	1	52	          	0	1	2015/03/26 17:42:28
1848	1	32	          	0	1	2015/03/26 17:42:30
1849	1	32	          	0	1	2015/03/26 17:42:58
1850	1	29	          	0	1	2015/03/26 17:43:11
1851	1	28	          	0	1	2015/03/26 17:44:55
1852	1	48	          	0	1	2015/03/26 17:44:58
1853	1	30	          	0	1	2015/03/26 17:48:22
1854	1	18	          	0	1	2015/03/26 18:00:28
1855	1	42	          	0	1	2015/03/26 18:15:42
1856	1	43	          	0	1	2015/03/26 18:52:23
1857	1	26	          	0	1	2015/03/26 18:59:30
1858	1	5	          	0	1	2015/03/26 19:07:04
1859	1	55	          	0	1	2015/03/27 08:13:37
1860	1	19	          	0	1	2015/03/27 08:17:19
1861	1	21	          	0	1	2015/03/27 08:23:32
1862	1	21	          	0	1	2015/03/27 08:23:33
1863	1	50	          	0	1	2015/03/27 08:24:57
1864	1	46	          	0	1	2015/03/27 08:25:02
1865	1	53	          	0	1	2015/03/27 08:28:33
1866	1	56	          	0	1	2015/03/27 08:29:22
1867	1	6	          	0	1	2015/03/27 08:30:34
1868	1	9	          	0	1	2015/03/27 08:30:37
1869	1	44	          	0	1	2015/03/27 08:30:57
1870	1	52	          	0	1	2015/03/27 08:37:11
1871	1	32	          	0	1	2015/03/27 08:37:14
1872	1	32	          	0	1	2015/03/27 08:37:56
1873	1	36	          	0	1	2015/03/27 08:37:59
1874	1	26	          	0	1	2015/03/27 08:38:08
1875	1	1	          	0	1	2015/03/27 08:38:14
1876	1	17	          	0	1	2015/03/27 08:38:34
1877	1	37	          	0	1	2015/03/27 08:39:22
1878	1	38	          	0	1	2015/03/27 08:39:26
1879	1	20	          	0	1	2015/03/27 08:39:39
1880	1	29	          	0	1	2015/03/27 08:39:50
1881	1	42	          	0	1	2015/03/27 08:39:55
1882	1	22	          	0	1	2015/03/27 08:40:32
1883	1	5	          	0	1	2015/03/27 08:40:47
1884	1	15	          	0	1	2015/03/27 08:41:03
1885	1	24	          	0	2	2015/03/27 08:42:54
1886	1	16	          	0	1	2015/03/27 08:44:40
1887	1	8	          	0	1	2015/03/27 08:44:43
1888	1	8	          	0	1	2015/03/27 08:44:44
1889	1	10	          	0	1	2015/03/27 08:44:52
1890	1	30	          	0	1	2015/03/27 08:45:30
1891	1	30	          	0	1	2015/03/27 08:45:31
1892	1	31	          	0	1	2015/03/27 08:45:37
1893	1	48	          	0	1	2015/03/27 08:47:10
1894	1	49	          	0	1	2015/03/27 08:47:12
1895	1	13	          	0	1	2015/03/27 08:47:22
1896	1	28	          	0	1	2015/03/27 08:47:32
1897	1	41	          	0	1	2015/03/27 08:47:35
1898	1	40	          	0	1	2015/03/27 08:48:08
1899	1	51	          	0	1	2015/03/27 08:51:22
1900	1	51	          	0	1	2015/03/27 08:51:23
1901	1	43	          	0	1	2015/03/27 08:51:41
1902	1	4	          	0	1	2015/03/27 08:52:17
1903	1	11	          	0	1	2015/03/27 08:54:35
1904	1	12	          	0	1	2015/03/27 08:54:39
1905	1	18	          	0	1	2015/03/27 08:54:50
1906	1	7	          	0	1	2015/03/27 08:56:32
1907	1	54	          	0	1	2015/03/27 13:06:13
1908	1	54	          	0	1	2015/03/27 13:06:14
1909	1	3	          	0	1	2015/03/27 13:41:33
1910	1	17	          	0	1	2015/03/27 17:30:04
1911	1	26	          	0	1	2015/03/27 17:30:57
1912	1	36	          	0	1	2015/03/27 17:31:03
1913	1	43	          	0	1	2015/03/27 17:31:11
1914	1	50	          	0	1	2015/03/27 17:31:40
1915	1	46	          	0	1	2015/03/27 17:32:02
1916	1	41	          	0	1	2015/03/27 17:32:07
1917	1	44	          	0	1	2015/03/27 17:32:21
1918	1	22	          	0	1	2015/03/27 17:32:38
1919	1	19	          	0	1	2015/03/27 17:32:42
1920	1	15	          	0	1	2015/03/27 17:32:44
1921	1	8	          	0	1	2015/03/27 17:32:48
1922	1	21	          	0	1	2015/03/27 17:33:40
1923	1	53	          	0	1	2015/03/27 17:33:49
1924	1	37	          	0	1	2015/03/27 17:34:06
1925	1	15	          	0	1	2015/03/27 17:34:27
1926	1	51	          	0	1	2015/03/27 17:34:32
1927	1	5	          	0	1	2015/03/27 17:35:04
1928	1	7	          	0	1	2015/03/27 17:35:16
1929	1	10	          	0	1	2015/03/27 17:35:20
1930	1	12	          	0	1	2015/03/27 17:35:23
1931	1	54	          	0	1	2015/03/27 17:35:27
1932	1	42	          	0	1	2015/03/27 17:36:04
1933	1	56	          	0	1	2015/03/27 17:36:15
1934	1	38	          	0	1	2015/03/27 17:36:41
1935	1	16	          	0	1	2015/03/27 17:37:08
1936	1	6	          	0	1	2015/03/27 17:38:11
1937	1	49	          	0	1	2015/03/27 17:38:13
1938	1	9	          	0	1	2015/03/27 17:38:33
1939	1	55	          	0	1	2015/03/27 17:38:49
1940	1	48	          	0	1	2015/03/27 17:38:59
1941	1	32	          	0	1	2015/03/27 17:39:01
1942	1	49	          	0	1	2015/03/27 17:39:40
1943	1	32	          	0	1	2015/03/27 17:39:52
1944	1	40	          	0	1	2015/03/27 17:40:02
1945	1	18	          	0	1	2015/03/27 17:42:52
1946	1	52	          	0	1	2015/03/27 17:44:14
1947	1	52	          	0	1	2015/03/27 17:45:46
1948	1	4	          	0	1	2015/03/27 17:53:19
1949	1	11	          	0	1	2015/03/27 17:55:18
1950	1	13	          	0	1	2015/03/27 17:58:39
1951	1	24	          	0	2	2015/03/27 17:59:19
1952	1	28	          	0	1	2015/03/27 18:00:46
1953	1	29	          	0	1	2015/03/27 18:01:49
1954	1	3	          	0	1	2015/03/27 18:04:30
1955	1	33	          	0	1	2015/03/27 18:05:53
1956	1	20	          	0	1	2015/03/27 18:08:38
1957	1	21	          	0	1	2015/03/30 07:24:09
1958	1	56	          	0	1	2015/03/30 08:06:12
1959	1	19	          	0	1	2015/03/30 08:11:25
1960	1	37	          	0	1	2015/03/30 08:20:22
1961	1	37	          	0	1	2015/03/30 08:20:23
1962	1	33	          	0	1	2015/03/30 08:20:48
1963	1	50	          	0	1	2015/03/30 08:27:45
1964	1	31	          	0	1	2015/03/30 08:28:00
1965	1	46	          	0	1	2015/03/30 08:30:54
1966	1	38	          	0	1	2015/03/30 08:32:03
1967	1	10	          	0	1	2015/03/30 08:32:36
1968	1	53	          	0	1	2015/03/30 08:34:20
1969	1	53	          	0	1	2015/03/30 08:34:21
1970	1	36	          	0	1	2015/03/30 08:34:34
1971	1	15	          	0	1	2015/03/30 08:35:05
1972	1	6	          	0	1	2015/03/30 08:35:16
1973	1	30	          	0	1	2015/03/30 08:35:46
1974	1	30	          	0	1	2015/03/30 08:35:47
1975	1	5	          	0	1	2015/03/30 08:37:40
1976	1	52	          	0	1	2015/03/30 08:39:01
1977	1	32	          	0	1	2015/03/30 08:39:05
1978	1	32	          	0	1	2015/03/30 08:40:39
1979	1	17	          	0	1	2015/03/30 08:41:10
1980	1	9	          	0	1	2015/03/30 08:41:14
1981	1	26	          	0	1	2015/03/30 08:41:56
1982	1	22	          	0	1	2015/03/30 08:42:12
1983	1	4	          	0	1	2015/03/30 08:43:17
1984	1	54	          	0	1	2015/03/30 08:43:23
1985	1	29	          	0	1	2015/03/30 08:44:07
1986	1	40	          	0	1	2015/03/30 08:45:10
1987	1	42	          	0	1	2015/03/30 08:45:58
1988	1	28	          	0	1	2015/03/30 08:46:36
1989	1	12	          	0	1	2015/03/30 08:47:21
1990	1	43	          	0	1	2015/03/30 08:48:07
1991	1	7	          	0	1	2015/03/30 08:48:42
1992	1	51	          	0	1	2015/03/30 08:49:51
1993	1	51	          	0	1	2015/03/30 08:49:52
1994	1	13	          	0	1	2015/03/30 08:49:55
1995	1	41	          	0	1	2015/03/30 08:50:00
1996	1	49	          	0	1	2015/03/30 08:50:05
1997	1	24	          	0	2	2015/03/30 08:53:48
1998	1	16	          	0	1	2015/03/30 08:54:42
1999	1	8	          	0	1	2015/03/30 08:55:22
2000	1	8	          	0	1	2015/03/30 08:55:23
2001	1	3	          	0	1	2015/03/30 08:55:30
2002	1	18	          	0	1	2015/03/30 08:58:23
2003	1	11	          	0	1	2015/03/30 09:46:07
2004	1	17	          	0	1	2015/03/30 17:30:04
2005	1	56	          	0	1	2015/03/30 17:31:12
2006	1	12	          	0	1	2015/03/30 17:31:26
2007	1	8	          	0	1	2015/03/30 17:32:48
2008	1	8	          	0	1	2015/03/30 17:32:49
2009	1	21	          	0	1	2015/03/30 17:33:23
2010	1	21	          	0	1	2015/03/30 17:33:24
2011	1	10	          	0	1	2015/03/30 17:33:47
2012	1	53	          	0	1	2015/03/30 17:35:28
2013	1	50	          	0	1	2015/03/30 17:36:42
2014	1	9	          	0	1	2015/03/30 17:38:12
2015	1	57	          	0	1	2015/03/30 17:38:42
2016	1	15	          	0	1	2015/03/30 17:40:12
2017	1	54	          	0	1	2015/03/30 17:40:18
2018	1	54	          	0	1	2015/03/30 17:40:19
2019	1	46	          	0	1	2015/03/30 17:42:24
2020	1	32	          	0	1	2015/03/30 17:42:50
2021	1	32	          	0	1	2015/03/30 17:43:45
2022	1	32	          	0	1	2015/03/30 17:45:02
2023	1	6	          	0	1	2015/03/30 17:49:09
2024	1	43	          	0	1	2015/03/30 17:50:04
2025	1	13	          	0	1	2015/03/30 17:52:48
2026	1	40	          	0	1	2015/03/30 17:55:00
2027	1	31	          	0	1	2015/03/30 18:01:26
2028	1	11	          	0	1	2015/03/30 18:02:46
2029	1	36	          	0	1	2015/03/30 18:03:41
2030	1	36	          	0	1	2015/03/30 18:03:42
2031	1	29	          	0	1	2015/03/30 18:08:17
2032	1	28	          	0	1	2015/03/30 18:11:08
2033	1	16	          	0	1	2015/03/30 18:27:36
2034	1	49	          	0	1	2015/03/30 18:38:35
2035	1	18	          	0	1	2015/03/30 18:51:51
2036	1	30	          	0	1	2015/03/30 18:56:52
2037	1	30	          	0	1	2015/03/30 18:56:53
2038	1	4	          	0	1	2015/03/30 19:29:57
2039	1	23	          	0	1	2015/03/30 20:16:23
2040	1	41	          	0	1	2015/03/30 20:29:50
2041	1	18	          	0	1	2015/03/30 20:32:04
2042	1	52	          	0	1	2015/03/30 20:40:33
2043	1	32	          	0	1	2015/03/30 20:40:38
2044	1	37	          	0	1	2015/03/30 20:43:42
2045	1	37	          	0	1	2015/03/30 20:43:53
2046	1	37	          	0	1	2015/03/30 20:43:54
2047	1	7	          	0	1	2015/03/30 20:46:34
2048	1	3	          	0	1	2015/03/30 20:47:09
2049	1	19	          	0	1	2015/03/30 20:49:02
2050	1	38	          	0	1	2015/03/30 20:49:09
2051	1	24	          	0	2	2015/03/30 20:49:16
2052	1	22	          	0	1	2015/03/30 20:49:30
2053	1	5	          	0	1	2015/03/30 22:30:30
2054	1	42	          	0	1	2015/03/30 22:34:09
2055	1	5	          	0	1	2015/03/31 08:02:31
2056	1	23	          	0	1	2015/03/31 08:07:05
2057	1	36	          	0	1	2015/03/31 08:28:53
2058	1	26	          	0	1	2015/03/31 08:28:58
2059	1	17	          	0	1	2015/03/31 08:31:48
2060	1	8	          	0	1	2015/03/31 08:31:58
2061	1	8	          	0	1	2015/03/31 08:31:59
2062	1	19	          	0	1	2015/03/31 08:32:03
2063	1	21	          	0	1	2015/03/31 08:32:33
2064	1	21	          	0	1	2015/03/31 08:32:34
2065	1	31	          	0	1	2015/03/31 08:33:32
2066	1	32	          	0	1	2015/03/31 08:36:36
2067	1	52	          	0	1	2015/03/31 08:38:34
2068	1	32	          	0	1	2015/03/31 08:38:44
2069	1	6	          	0	1	2015/03/31 08:39:35
2070	1	22	          	0	1	2015/03/31 08:39:38
2071	1	42	          	0	1	2015/03/31 08:40:19
2072	1	51	          	0	1	2015/03/31 08:40:23
2073	1	15	          	0	1	2015/03/31 08:40:48
2074	1	29	          	0	1	2015/03/31 08:44:22
2075	1	29	          	0	1	2015/03/31 08:44:23
2076	1	4	          	0	1	2015/03/31 08:44:26
2077	1	16	          	0	1	2015/03/31 08:44:40
2078	1	3	          	0	1	2015/03/31 08:45:42
2079	1	9	          	0	1	2015/03/31 08:47:11
2080	1	30	          	0	1	2015/03/31 08:47:42
2081	1	13	          	0	1	2015/03/31 08:48:26
2082	1	41	          	0	1	2015/03/31 08:48:29
2083	1	49	          	0	1	2015/03/31 08:48:30
2084	1	49	          	0	1	2015/03/31 08:48:32
2085	1	49	          	0	1	2015/03/31 08:48:36
2086	1	53	          	0	1	2015/03/31 08:48:40
2087	1	37	          	0	1	2015/03/31 08:49:57
2088	1	24	          	0	2	2015/03/31 08:51:16
2089	1	18	          	0	1	2015/03/31 08:51:29
2090	1	11	          	0	1	2015/03/31 08:52:20
2091	1	39	√œ—ﬁ»Ÿ    	0	1	2015/03/31 08:52:23
2092	1	43	          	0	1	2015/03/31 08:53:44
2093	1	38	          	0	1	2015/03/31 08:54:56
2094	1	7	          	0	1	2015/03/31 08:56:26
2095	1	50	          	0	1	2015/03/31 08:56:37
2096	1	12	          	0	1	2015/03/31 08:57:43
2097	1	14	          	0	1	2015/03/31 09:00:15
2098	1	28	          	0	1	2015/03/31 09:04:11
2099	1	54	          	0	1	2015/03/31 09:12:38
2100	1	54	          	0	1	2015/03/31 09:12:39
2101	1	20	          	0	1	2015/03/31 09:58:47
2102	1	46	          	0	1	2015/03/31 10:12:34
2103	1	33	          	0	1	2015/03/31 10:32:29
2104	1	40	          	0	1	2015/03/31 12:13:43
2105	1	10	          	0	1	2015/03/31 15:25:24
2106	1	17	          	0	1	2015/03/31 17:30:04
2107	1	39	√œ—ﬁ»Ÿ    	0	1	2015/03/31 17:30:17
2108	1	51	          	0	1	2015/03/31 17:31:15
2109	1	53	          	0	1	2015/03/31 17:32:40
2110	1	15	          	0	1	2015/03/31 17:32:46
2111	1	6	          	0	1	2015/03/31 17:33:38
2112	1	12	          	0	1	2015/03/31 17:33:40
2113	1	21	          	0	1	2015/03/31 17:33:45
2114	1	36	          	0	1	2015/03/31 17:34:14
2115	1	26	          	0	1	2015/03/31 17:34:22
2116	1	45	          	0	1	2015/03/31 17:34:31
2117	1	50	          	0	1	2015/03/31 17:34:58
2118	1	31	          	0	1	2015/03/31 17:35:37
2119	1	8	          	0	1	2015/03/31 17:35:42
2120	1	8	          	0	1	2015/03/31 17:35:43
2121	1	13	          	0	1	2015/03/31 17:36:02
2122	1	22	          	0	1	2015/03/31 17:37:50
2123	1	19	          	0	1	2015/03/31 17:37:53
2124	1	14	          	0	1	2015/03/31 17:38:38
2125	1	52	          	0	1	2015/03/31 17:41:38
2126	1	41	          	0	1	2015/03/31 17:41:47
2127	1	49	          	0	1	2015/03/31 17:42:19
2128	1	32	          	0	1	2015/03/31 17:43:00
2129	1	43	          	0	1	2015/03/31 17:43:25
2130	1	54	          	0	1	2015/03/31 17:43:29
2131	1	32	          	0	1	2015/03/31 17:43:39
2132	1	29	          	0	1	2015/03/31 17:46:32
2133	1	11	          	0	1	2015/03/31 17:48:57
2134	1	46	          	0	1	2015/03/31 17:57:17
2135	1	18	          	0	1	2015/03/31 18:14:16
2136	1	24	          	0	2	2015/03/31 18:22:03
2137	1	7	          	0	1	2015/03/31 18:23:08
2138	1	16	          	0	1	2015/03/31 18:37:17
2139	1	37	          	0	1	2015/03/31 18:40:34
2140	1	4	          	0	1	2015/03/31 18:52:42
2141	1	38	          	0	1	2015/03/31 19:06:48
2142	1	20	          	0	1	2015/03/31 19:06:51
2143	1	42	          	0	1	2015/03/31 19:21:03
2144	1	33	          	0	1	2015/03/31 19:21:13
2145	1	33	          	0	1	2015/03/31 19:21:14
2146	1	10	          	0	1	2015/03/31 19:33:44
2147	1	30	          	0	1	2015/03/31 19:35:54
2148	1	9	          	0	1	2015/03/31 19:37:17
2149	1	3	          	0	1	2015/03/31 21:10:09
2150	1	5	          	0	1	2015/03/31 22:31:19
2151	1	23	          	0	1	2015/03/31 23:06:47
2152	1	45	          	0	1	2015/04/01 08:05:43
2153	1	53	          	0	1	2015/04/01 08:17:37
2154	1	34	          	0	1	2015/04/01 08:19:24
2155	1	12	          	0	1	2015/04/01 08:28:20
2156	1	5	          	0	1	2015/04/01 08:29:11
2157	1	19	          	0	1	2015/04/01 08:30:55
2158	1	30	          	0	1	2015/04/01 08:34:25
2159	1	6	          	0	1	2015/04/01 08:34:30
2160	1	30	          	0	1	2015/04/01 08:34:34
2161	1	26	          	0	1	2015/04/01 08:34:39
2162	1	33	          	0	1	2015/04/01 08:35:30
2163	1	36	          	0	1	2015/04/01 08:36:45
2164	1	36	          	0	1	2015/04/01 08:36:46
2165	1	31	          	0	1	2015/04/01 08:38:32
2166	1	38	          	0	1	2015/04/01 08:39:17
2167	1	19	          	0	1	2015/04/01 08:39:35
2168	1	50	          	0	1	2015/04/01 08:39:49
2169	1	41	          	0	1	2015/04/01 08:40:27
2170	1	13	          	0	1	2015/04/01 08:40:30
2171	1	49	          	0	1	2015/04/01 08:40:39
2172	1	37	          	0	1	2015/04/01 08:41:14
2173	1	52	          	0	1	2015/04/01 08:41:18
2174	1	20	          	0	1	2015/04/01 08:41:22
2175	1	32	          	0	1	2015/04/01 08:41:25
2176	1	42	          	0	1	2015/04/01 08:41:41
2177	1	51	          	0	1	2015/04/01 08:42:16
2178	1	51	          	0	1	2015/04/01 08:42:18
2179	1	10	          	0	1	2015/04/01 08:42:24
2180	1	32	          	0	1	2015/04/01 08:42:28
2181	1	29	          	0	1	2015/04/01 08:42:41
2182	1	15	          	0	1	2015/04/01 08:42:50
2183	1	16	          	0	1	2015/04/01 08:44:26
2184	1	5	          	0	1	2015/04/01 08:46:21
2185	1	4	          	0	1	2015/04/01 08:48:01
2186	1	9	          	0	1	2015/04/01 08:49:32
2187	1	11	          	0	1	2015/04/01 08:49:39
2188	1	7	          	0	1	2015/04/01 08:49:41
2189	1	17	          	0	1	2015/04/01 08:50:44
2190	1	39	√œ—ﬁ»Ÿ    	0	1	2015/04/01 08:51:21
2191	1	22	          	0	1	2015/04/01 08:52:04
2192	1	8	          	0	1	2015/04/01 08:52:30
2193	1	8	          	0	1	2015/04/01 08:52:31
2194	1	43	          	0	1	2015/04/01 08:53:39
2195	1	18	          	0	1	2015/04/01 08:53:44
2196	1	40	          	0	1	2015/04/01 08:54:51
2197	1	24	          	0	2	2015/04/01 08:54:57
2198	1	35	          	0	2	2015/04/01 08:55:07
2199	1	3	          	0	1	2015/04/01 08:57:45
2200	1	3	          	0	1	2015/04/01 08:57:46
